m.z	p.value	t.score
733.814263655255	0.00135936839463876	-3.91606946634109
600.261113625994	0.00143564608448596	-3.88939356420042
483.507416459089	0.00146982020641688	3.87790423658154
199.098566572973	0.00152856480954744	-3.85877175696114
325.149031393873	0.00211705559935245	3.70005325987896
547.207940238134	0.00256095472257945	-3.60747137728664
707.79763747382	0.0028962229809675	-3.54767850463679
856.843135053666	0.00298808512080866	-3.53250610443569
582.585443236665	0.00299321631837474	-3.53167245162128
830.329646829179	0.00305021539901909	-3.52250707139248
455.82842669308	0.00332821239710261	3.48013077906383
740.821886875198	0.00379256228481805	-3.41667829354069
473.502937783664	0.00405017859529992	3.38474574513811
955.396111244144	0.0046680370709566	-3.31573636723743
196.92901826607	0.00476013184652901	-3.30623690719263
462.814970743655	0.00515674532373406	3.26731171123952
702.268184686013	0.00596386936180284	3.19652561543437
582.91951609758	0.00600149744257713	-3.19346186549561
169.159577135173	0.00611356373769687	-3.1844486141199
339.164824415661	0.0062153085903328	3.17640600904714
435.482106480312	0.00631633667489908	3.16854792996419
754.652177941314	0.00648797626482288	-3.15547831698485
830.830849406183	0.0066294209181112	-3.14496229970599
734.312168276673	0.00720045290903146	-3.10464760429481
231.139346748283	0.00729911898715369	3.09800302234487
337.170340191707	0.00752300460276029	3.08324832763999
508.854064792877	0.00773418708096728	3.06972216195614
458.52208609225	0.00801179201775406	-3.05248469634679
393.479416022144	0.00802341739447339	3.05177572627952
680.785207020206	0.00805197264233434	-3.05003857523649
648.263421276004	0.0080941285485838	-3.04748508080637
402.795250278407	0.00815685488215262	3.04370969932745
217.181252910928	0.00915667132826726	-2.98710357337189
694.290391611643	0.00929369759001662	-2.9798230218994
558.770488421465	0.0094925336554641	-2.96944344345139
208.934869507397	0.00973676311944752	-2.956982086519
673.283428574519	0.00978393302746331	-2.95461065860088
478.508244716873	0.00992913470086195	2.94738043801674
767.335702449834	0.00996176243199465	-2.9457700152106
239.16587332598	0.0100488327214892	-2.94149759458536
901.872274534905	0.0100792505506151	-2.94001357101974
714.309262116263	0.0101817561229887	-2.93504461481378
928.883838176781	0.0107770782617437	-2.9071196726979
748.32271860529	0.0109331384317219	-2.90004882268237
536.213521718476	0.0112838769361445	-2.88451059245993
259.192241315047	0.0114554037108592	-2.87708260162344
261.186829260744	0.0116421684098345	-2.86911715186546
741.320272623539	0.0118151902706271	-2.86184827329878
264.125552590577	0.0120434200058301	-2.85241717591423
902.370456108577	0.0127096850138729	-2.82584954475132
319.228996791032	0.0127992623101075	-2.82238147555333
848.845453128955	0.0128209645683696	-2.82154480637196
529.681966451319	0.0128867747436535	2.81901607912605
91.021318882676	0.0129358760308582	-2.81713755301476
456.162255996482	0.0132387104801768	2.80570270183095
919.376023919289	0.0132442694940515	-2.80549518246054
301.145765523061	0.0134735962764418	-2.79700731033969
380.885228089098	0.0137605286088896	2.78658284679317
685.798306802764	0.0137842654835465	-2.78572994620765
678.278672094959	0.0142566788714724	-2.76904554271049
491.512429766761	0.0144570089641187	2.76213180984414
259.171149268818	0.0149610218513802	-2.74514003232738
622.728009371027	0.015320045287751	2.73337120039964
469.834869793244	0.016553438630046	2.69487973443661
547.234168083161	0.0171465905641845	-2.6773456439432
473.836812896247	0.0175055224529539	2.66701738200521
126.904481881249	0.0175819581744911	-2.66484433638727
728.32568905647	0.0176142394024422	-2.66392932435193
712.311970994489	0.0180224940366251	-2.65249475721395
462.163674019712	0.0183178660083036	2.64437637588045
326.760865500766	0.0183464996751218	2.64359608524615
712.811911685296	0.019228728399763	-2.62011158248917
268.192837491555	0.0193871529400924	-2.61600442946457
862.342904291042	0.0195564163408596	-2.61165176348985
459.831129314	0.0196386763837058	2.60954947096453
781.853590848326	0.0199220415747906	-2.60237178849183
244.06231992629	0.0205997282155505	-2.58559565355877
243.233640206728	0.0206431399669171	-2.58453911950933
754.317365072262	0.0209646574004559	-2.57677985530344
687.795838690499	0.0211827633619394	-2.57158091045134
431.819610190708	0.0212948302047654	2.5689295112987
125.02388350853	0.0213937795730078	2.56659954698112
210.842552167054	0.0215908644579535	2.56198937281546
318.877709932106	0.0218135978755375	-2.55682748258151
367.878234641531	0.0219678645167829	2.55328180992815
875.358415891472	0.0225246833072109	-2.54067903225432
281.143693256685	0.023105301503797	-2.52785091384078
439.136719179907	0.0236883253973449	2.51527580164107
506.660161668353	0.0237060386841588	2.51489838986266
551.708611534026	0.0240778549617403	2.50703768970807
571.898725953408	0.0245364352645464	-2.49750059099906
731.816982122059	0.0246362733808925	-2.49544679329048
472.667662742078	0.0247569365114154	2.49297515715103
411.15492259758	0.0250025283839164	2.48797976237358
217.181185698655	0.0251074746968113	-2.48585936834735
507.197457522295	0.0254012143178161	-2.4799690477957
765.338715273638	0.0254698029919238	-2.47860298885336
613.722430597302	0.02554371942814	2.47713473258138
634.769353049808	0.0256020339946977	-2.47597923799017
183.102696306907	0.0260264062773869	-2.46764500193989
613.763494170388	0.0261240334074701	-2.4657459998237
84.0083418335907	0.0267378953848426	2.45395775242276
582.708508547197	0.0273483566655437	2.4424870643529
918.874580380676	0.0273875416251804	-2.44175909858255
552.698120294493	0.0273997179404742	2.44153309215021
93.0338315256835	0.0282044119751394	-2.42680433370063
588.235486778136	0.0304627372250993	-2.38750088743367
915.873208278999	0.0309736011213414	-2.3789930836312
367.250262499585	0.0316062880904585	-2.36863826300846
534.534797616587	0.031752486398111	-2.36627335837376
705.30355645978	0.0322906614990648	-2.35765542878533
541.171524530861	0.032504726578775	2.35426514464648
755.829339066569	0.0334886987125535	-2.33894701789435
640.235924254901	0.033871863914372	2.33309641350887
491.847591010009	0.0340607965915744	2.3302344555953
648.599046644142	0.0342603531174929	-2.32722773404182
973.407901252131	0.0343151954968835	-2.32640430750629
287.223725151126	0.0344496294339544	-2.32439108126668
301.202962684122	0.0345427569964049	2.32300076709851
536.547125322118	0.0349302483998598	-2.31725341930713
193.087044258028	0.0349480845541212	-2.31699031443153
197.154797798358	0.0352883078755988	-2.31199560639692
673.784355544257	0.0357857182804079	-2.30477405883928
646.769935655455	0.0359702551907508	-2.30211883491571
584.564557323985	0.0362099806581906	-2.29868854418116
208.84546346406	0.0364452666537101	2.29534242670874
251.165935329715	0.0368063542730663	-2.29024640617086
945.88724646919	0.0368706110822603	-2.28934446550849
440.846310356662	0.0369073320421266	-2.28882969293856
671.781758147163	0.0371283720829548	-2.28574114510151
207.139179208291	0.0372636361584749	-2.28385961193363
566.216616304702	0.0372877974406982	-2.28352420025817
635.278519856074	0.0376276654711952	-2.27882752836415
526.86360834182	0.0381766387604025	2.27132443454092
865.848309504443	0.0382546843991895	-2.27026595221381
367.215682601869	0.0386231525422235	-2.26529577728726
803.816686643187	0.0386890628518641	-2.26441140730702
608.256614391871	0.038723064134988	-2.26395573619876
667.777857021072	0.0388300613649786	-2.26252424022495
537.204809758502	0.0390039659948857	2.26020545010788
593.74221260706	0.0390913217239478	-2.25904431949891
600.714732775481	0.0391021448043294	2.25890062818485
666.789921119011	0.0391082327916403	-2.25881981809106
754.838503838597	0.039264259242139	-2.25675277104551
601.907179097053	0.0396882946523216	-2.25117364886292
446.15625724696	0.0401744269516634	2.24484558004851
352.438354513725	0.0401906643923267	2.24463545030876
225.186393337417	0.0408616184281585	-2.23602111450179
76.9872439174709	0.0411733587023371	2.23206349543984
601.746979527837	0.0412472517419731	-2.23112950116251
425.482481874524	0.0412605034723043	2.23096216668766
635.260505460981	0.0413088022728094	-2.23035270362125
212.839635082988	0.0415206995078125	2.22768668103433
754.986118373915	0.0419972640161925	-2.22173671236094
692.299080029026	0.0420095439903803	-2.22158422787635
491.178713465403	0.0420878320741971	2.22061307355784
335.154510492016	0.043458083532432	-2.20388198829975
421.47837523662	0.0436483823355689	2.20159730618082
233.155009709567	0.0436864918828476	2.20114088486507
700.298621632464	0.0437997295007241	-2.19978686737328
702.763577528752	0.0438178078575517	2.19957099999156
411.802981279621	0.0441244187629986	2.19592241215424
550.211440360573	0.0443837412344897	2.19285487873996
548.882430817548	0.0448678989279505	-2.1871720349522
646.252189166907	0.0450653919481463	-2.18487027143694
684.285583957087	0.0451140479800332	-2.18430462683032
758.330269051671	0.0451198532761132	-2.18423717588485
460.682467692707	0.0454514565290221	2.18039762353455
572.736156725571	0.0459834478060593	-2.17429175861619
656.748681092666	0.0460410483077875	-2.17363458968274
998.415340389923	0.0461000984040961	-2.17296167266968
212.887107442446	0.0461312235467754	2.1726073013771
395.136538988915	0.0461593842093903	2.17228687264904
461.631373473403	0.0462535377306318	2.17121685167414
241.217964632883	0.0467022438630942	-2.16614502814072
666.749445270559	0.0471300038888889	2.16135180451987
518.799554811929	0.0471987832671535	-2.16058486473139
241.072608222143	0.0473331719856464	-2.15908931362313
220.900177604792	0.0490306161443974	-2.14052986723305
701.752108742963	0.049038563484696	2.14044437821573
728.827577546623	0.0492378355280852	-2.13830499375344
632.771442875756	0.0495467990002961	-2.13500371722619
478.830290528117	0.0495842637443199	-2.13460469896107
175.076130500023	0.0496033117082592	-2.13440193531421
327.164843445411	0.0496054467098083	2.13437921291822
551.866420056484	0.0499835590802961	2.13036920308104
447.166830683203	0.0502107652123916	2.12797304626127
325.239747648912	0.0503749711006928	-2.12624751935543
375.475864202843	0.0504369570289411	2.12559750018367
889.354309109219	0.0509668658962883	-2.12007044675456
701.812157741934	0.0514169209453202	-2.11541771926632
729.27749333448	0.051783886331928	2.11165166590324
583.557196500441	0.0519021556171738	-2.11044314004082
460.928205593623	0.0521533889652437	-2.10788432088416
506.197210136619	0.0522748532447747	-2.10665126962309
425.223219158721	0.052449892537631	-2.10487897812703
666.608693877484	0.0524930825647056	-2.10444251164441
594.19854840807	0.052621192560446	2.10314980809695
951.390199039188	0.0527210563041264	-2.10214413193615
327.164829206485	0.0527375840391238	2.10197785867846
697.762955659718	0.052998649186877	-2.09935781374859
268.801916958886	0.05317487867086	2.09759587923493
450.49519934594	0.0535019667796404	2.09433984744419
468.16996684381	0.05376685389225	2.09171638096078
448.832860888458	0.0543149534751279	2.08632544349076
504.679428792671	0.0543268197684223	2.0862092837748
515.521873066304	0.0544098395468983	2.08539725019215
840.342622938574	0.0546595336810026	-2.08296177758736
781.351234198559	0.0548392856647411	-2.08121482227626
214.884206900881	0.0549806318149804	2.07984480847288
172.957857396632	0.0550826251635118	-2.07885823210344
533.706417228025	0.0556045878776367	2.07383539612549
410.827160462173	0.055608020313449	-2.07380250921815
878.855030722837	0.0573021560666985	-2.05779334781867
777.302986029242	0.057328696855147	-2.05754601018779
701.959991338212	0.0581525693878101	-2.04991985264362
560.695469577747	0.0583592148916708	2.04802254951315
460.170653584864	0.0587216908022337	2.044709284882
477.50592582782	0.0587334863891634	2.04460177993652
399.796496270175	0.0587922519102387	2.04406648497523
714.806665325013	0.0589514569443617	-2.04261873948142
606.217303961218	0.0591500482603288	2.04081783002341
662.24627329063	0.0599989051511334	2.03318175811266
637.241422527407	0.0604017017301015	2.02959275655372
693.79469527395	0.0604708928942062	-2.02897844756476
626.219411509661	0.0608968814112275	-2.02521040155876
478.295553937055	0.0609240522712232	2.02497088024189
625.763113058667	0.0612645866354462	-2.02197717234132
315.197846546217	0.0612740835539421	-2.02189390057694
746.331147985129	0.0619504816091733	-2.01599308166111
579.704109764599	0.0622532885162228	2.0133704250209
383.46495912904	0.0623732465727588	2.01233466129614
778.311171598385	0.062496696637823	-2.01127063797041
945.388232115671	0.0632514198480473	-2.00480692502303
198.918016622847	0.0634907002496986	-2.00277228951388
893.368869958922	0.0636227430128733	-2.00165249480085
244.098639683726	0.0637155699228712	-2.00086653613901
462.165083954433	0.0640219327328398	1.99827995087574
488.144747243543	0.0642913006581946	1.99601498608556
515.842201800442	0.0644115392974843	1.99500674869091
618.91076707322	0.0655611035396269	-1.98545265543068
251.202728681116	0.0657723727692237	-1.98371334528744
489.182608642926	0.065784221864959	1.98361594576221
417.806412084115	0.0658633133995991	1.98296622099084
255.160971049948	0.0659388018512372	1.98234675478325
522.516902350429	0.065987666851989	1.98194610630921
429.154444824912	0.066060638782685	1.98134830367094
272.843566058677	0.066920585302103	1.97434816911528
351.185797731878	0.0669928947168324	1.97376327854046
266.804830017619	0.0671602720781999	1.97241160137032
126.904596045703	0.067355279049785	1.9708406414037
478.682877103673	0.0675171495521345	-1.96953975203023
282.208373810381	0.067953336896338	-1.96604829375113
386.764278048342	0.0683690080719385	1.96273988423815
239.165883705199	0.0687474837401075	-1.95974331358445
528.868985305394	0.0696057399496236	-1.95300298890756
152.883363065402	0.0697266764332444	1.95205925865056
274.840654256884	0.0698094033447422	1.95141454910008
735.282354127563	0.0699912098851897	1.95000011150531
750.789855166546	0.0700663300264742	-1.94941665278513
680.787825856775	0.0701371799296304	-1.94886687858393
851.82586413353	0.0704699391617041	-1.94629145676961
508.855969502218	0.0705229917554968	1.94588186653059
417.472603609958	0.0713196007452497	1.93976489048648
462.14413267645	0.0716971491275593	1.93688728834663
270.846471434531	0.0720664660703806	1.93408561607994
718.748653868998	0.0727504559218257	-1.92893081399392
648.932864088658	0.0730670855632796	-1.92655934545743
498.679282174717	0.0730785792023648	1.92647343549008
270.799022706194	0.0730848278332854	1.92642673478989
411.207033553183	0.0731352419758466	-1.92605008361457
472.165452403073	0.0736357713900382	1.92232318700226
551.689011103211	0.0738166723446392	1.92098182355984
381.175515025427	0.0740514610142115	1.91924529223178
695.296199113368	0.0750869740080707	-1.91164509053597
910.877949338253	0.0757452676355359	-1.90686235040529
575.227207783692	0.0764081651763207	-1.90208374193512
439.828689027196	0.0766294545578754	-1.90049682447554
489.518368496269	0.0766345427428066	1.90046038431853
764.797250990689	0.0769162480428242	-1.89844626957951
659.285144467464	0.0775428671160298	-1.89398974289471
655.241429187791	0.0775616882852238	1.89385638666382
822.332462271446	0.0777100182879932	-1.89280641778833
524.28007272439	0.0782995206923206	1.88865124430047
557.546250134634	0.0797045074779169	-1.87885990996122
587.20889508886	0.0804183532037686	1.87394416734928
388.761367350056	0.0805459736628947	1.87306945157423
665.284910494855	0.0807756946028128	-1.87149805279389
243.1607991366	0.0810773647149431	-1.86944054394047
681.754819462124	0.0810850324840152	1.86938833595293
369.229624688883	0.0811720436092069	1.86879620707963
494.513157908668	0.0812716618549881	1.86811898005806
95.0131061549898	0.0813335355355229	1.86769872227856
661.282906976725	0.0813799751811549	-1.86738348298736
368.130939800816	0.0814003826845965	1.86724500461234
158.071985803965	0.0814471487376809	-1.86692778301813
325.149145756958	0.0815061186692733	1.86652801242212
480.172344815025	0.0815291040134255	1.86637225951303
233.155205594243	0.082663941344972	-1.85873072668309
312.218810246999	0.0828493754673906	-1.85749099832085
689.765493458541	0.0834017192130402	-1.85381288918534
215.165508239342	0.0838557930172009	1.8508053998829
823.340268361336	0.0838941219069057	1.85055219910229
369.266121130271	0.0844911656955054	-1.84662137518545
563.717814524527	0.0845629671192945	1.84615031624103
390.758426943555	0.085490123761038	1.8400994066557
716.781584475893	0.0855135281830144	1.83994741943649
452.823319470661	0.0870522200113685	1.83003549319557
355.125655579799	0.0871283701434132	1.8295490058412
639.719297551109	0.0872749559538941	1.82861360059423
181.134573021497	0.0876181221232894	1.82642920688367
392.755462163336	0.088073938925947	1.82353946344897
150.886299914491	0.0881012606970639	1.82336667361585
287.223698574619	0.0881987016560978	-1.82275081925301
434.9153094979	0.088790885975447	-1.81902098040491
181.123316818498	0.0889689923515639	-1.8179035045627
239.177000032697	0.0894254610782272	1.81504855858721
245.155337080441	0.0914895724471736	-1.80229781047639
323.133594156617	0.0926240303619933	1.79539790473604
483.8431722046	0.0938203837389079	1.78820199766977
436.491673429041	0.0939259639702959	1.78757084477269
621.749818509128	0.0939708511166512	-1.78730270158028
613.581653779251	0.094138677073181	-1.786301157118
900.360615741503	0.094245242800121	-1.78566601657462
795.818834216393	0.0957224443503109	-1.77692641381997
482.17844389786	0.0961018664938671	1.77470083098464
477.658130522011	0.0963751884360748	1.7731023941239
716.278961468649	0.0964453408217631	-1.77269277414321
574.201057498977	0.0966692154095004	1.77138732241491
548.220243579573	0.0967219779146844	-1.77108004276656
444.802577668934	0.0971405337108294	1.76864766211682
693.760291334374	0.0980816076725931	1.76321224415617
539.20362638742	0.0985416354028382	-1.7605719075493
496.8180688493	0.0985705908723343	-1.7604060799346
751.797835815017	0.0987562515085819	-1.75934382010764
598.789537955851	0.0989476083273424	-1.75825080471287
619.739020552686	0.0991157586898434	-1.7572918750049
778.811542312844	0.099607737352779	-1.7544943990889
532.865426980474	0.100281596824822	1.75068234415389
281.143681181171	0.100361861640962	-1.75022978214194
688.29312925389	0.100576326779346	-1.74902210659883
470.499106472408	0.100839501395404	1.74754322670334
432.628987159915	0.101799519302821	1.74217705521302
152.956841584601	0.102035721043177	-1.74086357086168
473.504351146346	0.102190595111317	1.74000378367158
482.853110963178	0.102622302051677	1.73761316381984
453.634244373358	0.103391959095458	1.73337287366529
708.268585416258	0.104161243724517	1.7291621512793
474.788446426981	0.104423601204683	-1.72773234224425
407.144265227657	0.104476221669811	1.72744594682953
666.275289043023	0.104758823205055	-1.72590999602886
213.186221594179	0.105975445011018	-1.71933867749867
627.227979103252	0.106248759518575	1.71787149713917
421.143888883095	0.107137614094548	1.71312270237201
628.25544349053	0.107657532619927	-1.71036089284654
804.824746718029	0.107717935817969	-1.7100407852538
553.542288640575	0.107952150552967	-1.70880103882248
561.883419485353	0.108196687296485	-1.70750915498147
508.720714540905	0.108760038302523	1.70454263443269
534.869242920307	0.108903871374665	-1.70378737661479
121.028917266741	0.108965050818553	1.70346639075678
78.9714035646947	0.109102058843876	-1.70274812928999
415.14372774642	0.109394146655221	1.70121948348375
729.315421836527	0.109695962522016	-1.69964365346223
474.5049483979	0.110249698479942	1.69676229216692
544.872149893134	0.110572263267075	-1.69508962567293
406.115619484627	0.112052025503014	1.68747022748762
595.572104539406	0.112472467154212	-1.68532129216829
690.26800551372	0.11257114726329	1.68481793514265
607.907289477623	0.113261358913168	-1.68130790374707
479.839794119858	0.113610942224358	1.67953719200741
251.132985318562	0.114427550092628	-1.67541923951291
215.165499326136	0.115796658935331	-1.66857194371982
88.0032925314298	0.116232807960167	1.66640535901959
461.831675447052	0.116589096305758	1.66464069831849
337.149463593462	0.116819112532193	1.66350392675646
421.461142618102	0.11720642938231	1.6615941198282
666.232621184125	0.11794264938325	1.6579789079352
516.859211786302	0.118156136360261	1.65693422581351
724.276381183702	0.118231455046944	-1.65656604862368
544.539109425397	0.118891913966447	-1.65334619992757
200.165789328977	0.118946529997054	1.65308062930717
631.257629940099	0.119202239623137	-1.65183863845609
197.118501484176	0.119428010026742	-1.65074397293478
565.881342264977	0.11947934881364	-1.65049530196149
918.377776376809	0.119533666222523	1.65023230369227
583.891249439978	0.119670234526026	-1.6495715117615
652.276768095013	0.119680437890324	-1.64952216843778
269.140337617011	0.120124553385343	1.64737793971635
628.727726018143	0.120126583679905	1.64736815298217
456.811730926851	0.120737983464087	1.64442745686126
552.199260830737	0.121119347640886	1.64259967252028
425.910309108489	0.121347133656034	1.64151031393181
626.748559221424	0.121674283227271	-1.63994883816335
755.294131980409	0.121762987314398	1.63952607902686
239.165872517251	0.12198430855602	1.63847242817976
407.901688264893	0.12309592210312	1.63320508433254
181.159733959339	0.123353247773755	-1.63199158915822
547.687825319991	0.123369687321224	1.63191413760424
565.883478023954	0.123761433465023	-1.6300711254722
506.865527904404	0.123850836222486	-1.62965122331533
165.091839547868	0.12455435805351	-1.62635601601473
440.626521436105	0.125151002077612	1.6235739135167
96.0084049066584	0.125183931412539	-1.62342069850314
389.153102334554	0.125226436508534	1.62322298011498
620.25574752875	0.125698598681479	-1.62103051621935
492.497145699548	0.125919428660365	1.62000752635721
258.874455199081	0.126131317771591	-1.61902740048184
487.510492431863	0.12647830451554	1.61742540472468
825.312724677443	0.126738957313139	-1.61622447882716
524.872975998733	0.126863840090951	-1.61564984666826
513.525615560991	0.127775857989726	1.61146794488812
471.846904503238	0.128272923258404	-1.60919948924854
98.0240405060596	0.128607598178673	-1.60767636913242
442.495459064861	0.128726642360199	1.60713541165589
583.206955761018	0.12895368447529	1.60610487832209
424.63166088077	0.129437652214256	1.60391334177509
752.298213318925	0.129903986531527	-1.60180827258698
888.855749263094	0.13014076906647	-1.60074188942492
83.024276895359	0.130144829060485	1.60072361913992
93.0006283976504	0.130236217674258	-1.60031249217209
271.228791633797	0.13026546085225	-1.60018098890558
313.149005279355	0.130710740803476	1.59818172476439
463.499447693917	0.131201015533697	1.59598715579243
199.170430190303	0.131311751696666	-1.59549244788521
143.070936446963	0.131411985789227	1.59504496440833
649.736993603708	0.132302573660106	1.59108177838646
865.35088414066	0.132670901488666	1.58944934026114
681.262708167612	0.132991612587722	1.58803108495164
418.488017546931	0.133127169238485	1.58743249996737
513.176868444604	0.13335130862588	1.58644389395067
403.785430009828	0.133537548645733	1.58562352626064
484.84583380114	0.13356707570615	1.58549355220974
521.174291451131	0.134163758645098	1.58287226683089
410.14553815849	0.134939690605358	1.57947833105942
405.799620783443	0.135688218979943	1.5762199607082
440.824895689293	0.13570882836646	1.57613046381067
438.485915322912	0.136128620546122	1.57431001372217
671.249600984998	0.136230036750326	-1.57387093309532
257.176663719788	0.136400837543895	-1.57313208005527
729.816040921345	0.137045786164814	-1.57034922051213
253.128936534408	0.13738305237299	-1.56889839315279
398.647699645196	0.137489103304406	1.56844281599668
572.223777817422	0.137669218610128	-1.56766975384729
429.478665427493	0.138729364568104	1.56313688271838
537.872347796172	0.139069289122206	-1.56168968716991
435.147628174564	0.139338821806261	1.56054430862588
575.209084771412	0.140018558364163	1.55766408764235
675.29924643034	0.140236477768508	-1.5567432142361
769.804185738761	0.140368743560798	-1.55618488272489
227.202086032133	0.140543043326605	-1.55544979394568
451.144933374223	0.141308371054771	1.55223122116242
805.325268956322	0.142212246630841	-1.54844893155981
632.731803382908	0.143328399780813	1.54380630817923
411.499868363645	0.14342763140738	-1.5433950360058
335.190933911081	0.143754282842307	1.54204290264599
641.263314813596	0.146074301190073	-1.53251338392806
532.532796001577	0.146557725845284	1.53054379175438
743.294463014164	0.147778061524826	1.52559607270478
595.236313558281	0.148444308821425	-1.52290934009551
919.882276671834	0.148766909692567	-1.52161205113999
165.01913887808	0.149046035611115	-1.52049149715287
493.195926446848	0.150104341414371	-1.51625887292194
176.071542738997	0.150416039803095	1.51501703488789
668.782025179955	0.150855814602869	-1.51326859680921
432.152460864117	0.150897496167602	1.51310310305249
223.134318421813	0.151368500888321	-1.51123567240093
116.927921411977	0.151743837364534	1.50975103229315
378.123112443111	0.152419494333631	1.5070862206013
418.81617510523	0.152490314077128	1.50680747905891
477.846561568769	0.152821907173846	1.50550379321653
534.190486688942	0.15282349517467	1.50549755556426
813.829849939237	0.154523742788138	-1.49884992883364
494.661087523956	0.15532881543387	1.49572358706839
654.749471445535	0.155839770924967	1.49374641232213
460.150601612415	0.15681441383874	1.48998994169759
526.863600336132	0.157607669534687	1.48694693719621
199.170434498033	0.158058673978703	-1.48522253541794
675.23829074413	0.158246167180873	1.48450686839458
577.896334204063	0.160353781588199	-1.47651028365111
305.180258761703	0.162042553299169	-1.47016574738474
641.776504905033	0.162515629671608	-1.4683983096597
185.154694475584	0.163223785790455	-1.46576057313888
162.055799760505	0.164264973150225	-1.46189956539637
452.661163625778	0.164609009452523	1.46062824780354
199.098981380399	0.165109513512076	-1.45878266370202
482.17103349075	0.165388974160205	1.45775418324693
874.8520843058	0.167220380480429	-1.45104958379408
719.635111620904	0.16728158457403	-1.45082657334177
857.851390099783	0.16765888540497	-1.44945328437189
486.663564559386	0.167711919997158	1.44926045553192
111.019346086006	0.167747262137153	1.44913198280255
747.318120257693	0.168157844664072	-1.44764110644987
525.677097390599	0.168264316806197	1.44725498433891
80.9644432673684	0.170295108508129	1.43992867017492
261.150398673953	0.170369456620822	-1.4396618225765
370.114010641353	0.171442117300943	1.43582251863767
183.175424149808	0.171559006412655	1.43540534304065
794.347945521732	0.171674364798176	-1.43499386024915
562.72780214469	0.172899815664072	1.43063668985311
441.487272503843	0.173771266088147	1.42755363779147
539.690365992066	0.173971130099306	1.42684834513001
283.192446992704	0.174206201389713	-1.42601966331573
311.133203517037	0.174414269559198	-1.42528694082222
315.219021455774	0.174745375505764	1.42412241524815
504.518480947298	0.174767762969681	-1.42404374227833
341.180416577709	0.175106255154524	1.42285523735116
79.9566080138966	0.175681714279445	1.4208390265037
424.820088303247	0.176176721101775	1.41910902856815
498.188249528844	0.176261297070314	1.41881384361324
467.139854746281	0.176785887226456	1.4169855247908
493.181446843711	0.176948550978352	1.41641950816129
772.802369907355	0.177664394940307	-1.41393366666755
623.260348551237	0.178152612784184	1.41224298731457
130.956742072672	0.178382615157601	1.41144781382792
211.170595586366	0.178489525719477	-1.41107848434297
447.922301146476	0.178526815653976	-1.41094970648101
332.799534782157	0.179266731867664	1.40839900928734
795.311706801662	0.179303854416264	-1.40827126484311
628.680576206505	0.179401630183259	1.40793490687988
500.5288675448	0.179828231189144	1.4064691123133
209.118485138171	0.180126664398642	-1.40544539139699
628.235871136761	0.180166920027365	1.40530740803307
720.80534022859	0.18062551572232	-1.40373726705946
330.802444714973	0.18073794198156	1.40335283954292
521.706674310674	0.181290411864456	-1.40146657448572
516.181143133244	0.181487744519327	1.4007939723046
108.901323267347	0.182628410733791	1.39691771538177
334.796621910105	0.183162343001475	1.39511007536362
429.491871095581	0.183677415035879	1.39337035780828
546.680145938626	0.183963911984563	1.39240440189172
610.728020080825	0.184029649211125	1.39218293469023
328.805418339539	0.185295262385231	1.3879316351511
521.196021302819	0.186605227499934	-1.3835561930525
831.337980734339	0.186804387454343	-1.38289316575136
455.665491648456	0.186986961069472	1.38228586139943
601.722613061225	0.18718531101727	1.38162662579237
548.69575492557	0.187510160189624	1.380548183602
530.529916976875	0.188013572298665	-1.37887994083773
411.468604857119	0.188138892815984	1.37846520927455
481.155759103898	0.188494155243812	1.37729073447019
317.213346251654	0.188502872776809	-1.37726193747899
445.82369738631	0.190108005677296	1.37197797058142
323.2239853601	0.19030314691865	-1.371338052528
588.66163803155	0.190373258249415	1.37110826949978
654.934270198208	0.190618450887013	-1.37030521392461
589.241134260121	0.19077938569048	1.36977857502664
592.717295292607	0.191841134929182	1.36631312968684
696.766898470386	0.191896913102139	-1.36613150523195
613.205636508268	0.192637283674873	1.36372475690505
915.369741365978	0.192893209910705	-1.3628945501737
812.324326426756	0.193151519508358	1.36205751537475
707.776200291976	0.194155931852905	1.35881136616302
94.9799568789311	0.194258706365102	-1.35847997667086
649.773735519034	0.194708479894515	1.35703137705995
423.171002114632	0.195869516776229	-1.35330444553829
748.824206882035	0.196039597427051	-1.35275998501722
169.159604107833	0.19660395683279	1.35095608977847
498.166909999936	0.197933026654202	1.34672434557597
377.235110230227	0.198282913406214	-1.34561411890569
215.129026090316	0.198643177963101	1.3444726100494
476.785446479079	0.199887125806112	-1.34054389329922
359.79191134134	0.200416996230454	1.33887639378557
512.16901108609	0.200978179187945	1.33711421416197
392.139569094397	0.201957573874758	1.33404824952338
135.044632591081	0.202179168137399	-1.33335621250211
606.25814599128	0.202817800895895	-1.33136516762562
207.139160059023	0.203077129646999	1.33055810258462
436.155698292144	0.205020091364419	1.32453749400465
707.960282562149	0.205154789419341	-1.3241218053295
569.244608930376	0.205314789144593	1.32362831758076
720.771632162284	0.205831174091777	1.32203772670214
638.770696417661	0.208006957071581	-1.3153706385114
663.754904907597	0.20848570279047	1.3139111390955
459.142492496468	0.208520880309785	1.31380400283367
436.659769781854	0.20900716325005	1.31232446103237
470.84710227007	0.209566928671125	1.31062474177403
548.54003901955	0.211128662333589	-1.3059016249066
72.9923090498281	0.213309870917409	1.29935139067346
171.066153565337	0.214971381456338	1.29439746599208
756.330360826942	0.21502119399117	-1.29424941614479
476.837804346957	0.215776849876001	1.29200683227693
191.071273910612	0.216190173912254	-1.29078283224148
596.746858118581	0.216580017880974	1.28963006437012
468.147651636244	0.216845335795961	1.28884646011054
255.160897958726	0.218697056608248	1.28339853278667
238.901636252633	0.218939997696656	-1.28268649085015
150.920647800551	0.219112316159552	1.28218181727165
449.1750124305	0.221036380347941	1.27656796237824
745.772698132609	0.221066798103813	1.27647952279603
179.071235228987	0.22202353839254	-1.273702691686
798.799242302881	0.2223693779817	-1.27270125429275
465.501925796018	0.223425793714442	1.26964980861039
161.060519579015	0.223705677913526	-1.26884327176985
794.307302328638	0.223923730028429	-1.2682154659315
299.133237377269	0.224050846746434	1.26784969932521
441.634354689952	0.224420925229131	1.26678576225089
711.766000098804	0.225921170344336	1.26248680604537
471.502438742681	0.225921692802821	1.26248531285553
221.082361167951	0.226228744140086	-1.26160822728829
861.84313358958	0.227506425447399	-1.25796857113701
570.721543693661	0.227579436775164	1.25776107335863
78.9582616291039	0.229369080915276	-1.25269117122901
474.821325159247	0.229515725787606	1.25227711606771
446.493381499225	0.230312928402059	1.25002981555145
283.265232057762	0.232601234492293	-1.24361276885301
191.107643120382	0.233120781054831	-1.24216269669017
932.877714318396	0.233321476464056	-1.24160322493562
238.911027757369	0.234406370172708	-1.23858539268701
552.725371731887	0.234424755161621	1.23853434546639
78.9583495052711	0.234825997885175	1.23742104384184
495.522249010387	0.235223209757229	1.23632038685352
464.843272000596	0.23618339325115	1.23366573198164
426.815996150141	0.236263545486201	1.23344451267484
358.87090619058	0.238698753448462	-1.22675104878346
876.366920321807	0.238881976711974	1.22624958944788
543.72010375908	0.238989626337239	1.22595510517158
177.091854395043	0.239130065639291	-1.22557107699023
172.076620442367	0.239532059509224	1.22447280137759
591.240199802109	0.241653525653036	1.2187003917505
529.558548734932	0.243064658043893	-1.21488249230819
644.736261453876	0.243462039555837	-1.21381045234695
530.873511302986	0.243591331711766	1.21346194516613
456.674543057591	0.245504204447559	1.20832243623481
195.175473274724	0.245651115290959	-1.20792899750829
475.171460096272	0.246547235979092	1.20553304298401
281.176732754745	0.248327104122419	-1.20079407440393
352.468477535977	0.248742524469599	1.19969177230817
265.148925294805	0.248890990786388	1.19929816657308
211.134278002278	0.249447631166504	-1.1978240400994
551.21495239506	0.249996721604446	1.19637238676126
712.662848425416	0.250372427470706	-1.1953805305032
215.165441349335	0.250886190101463	-1.19402605841237
556.693708249536	0.25101752594473	1.1936801499083
486.176651853102	0.251392189005072	1.19269413719866
416.83008276576	0.25201357382159	-1.1910613055155
429.15230645214	0.252303820127599	1.19029967592035
341.144102426728	0.253374612862381	1.18749563459591
567.228288142518	0.253972584145615	-1.18593370560623
468.67959630948	0.254173092653091	1.18541059928996
165.040571074741	0.254548860394417	1.18443111067826
557.194338116577	0.254987830258022	1.18328827948363
572.736613934578	0.255912201659977	-1.18088665346303
376.117432866709	0.25598720280268	1.18069208307342
659.784293142657	0.256172534620225	-1.18021147629687
510.717232783888	0.256480038455421	1.17941463676725
96.9865011145196	0.257352452500862	-1.17715790657626
719.259382737132	0.257967755388109	1.17556977663101
394.808543007449	0.258197829254665	1.17497668691235
490.693182293792	0.2582964916082	1.17472247647712
79.9565704072525	0.259215591644917	1.17235790600527
439.415975028978	0.25981276483246	-1.17082498416774
808.320444490298	0.261379925747585	-1.16681487453973
441.743627151765	0.261771036189443	1.16581694357536
765.297261751133	0.261852551171875	-1.16560909842031
855.329968294227	0.262811884269588	1.16316670331115
163.039759718931	0.26288983874546	-1.16296853477817
76.969281579931	0.262942907673323	-1.16283365350821
393.79289107569	0.263088209191113	1.16246445755722
315.218984962962	0.263510247793816	-1.16139297996507
388.124367744443	0.263640586976535	1.16106233663569
614.68509186671	0.265955805237543	-1.15520969427094
942.381590095482	0.266681172443788	-1.15338399210095
528.658450990097	0.266869244932393	1.15291124041488
481.68841012276	0.267815044412394	1.15053763365628
273.15060810888	0.26803750982299	-1.14998025008263
596.744912261333	0.269809433211455	-1.14555317325
339.185621312342	0.270804158765489	-1.14307751616719
155.143830069887	0.271457879507966	1.14145428283866
488.522859303661	0.271694117337853	1.14086841372925
313.149240238388	0.271919529632337	1.14030975006634
883.361827993465	0.273573606121628	-1.13622091772358
613.247701797424	0.273884585997243	-1.13545426499754
772.662194189921	0.27425035646375	-1.1345533762787
692.789574372291	0.274672092348525	-1.13351576694623
398.399381779727	0.275409842570324	1.13170353626185
618.222694774014	0.275761575593521	-1.13084081383946
672.25769035446	0.276079582647152	1.13006152520785
499.518850137158	0.276898827973352	-1.12805703410828
474.837222474051	0.27785408215583	1.125725377021
703.767203084577	0.279145412208538	1.12258293788745
126.904520508457	0.280260548632793	1.11987801554524
759.795206264819	0.280502979823664	-1.11929103062482
799.300674814117	0.282299463830994	-1.11495308593741
835.829885794506	0.283580308789518	-1.1118728246345
442.152208171763	0.283678433702616	1.11163727581964
254.073072947611	0.284254424837339	1.11025583330495
321.175245576892	0.284431913177701	1.1098305704923
400.812045477111	0.284662724048445	-1.10927784245581
527.198656622842	0.28470186123771	1.1091841528641
555.54735965931	0.285374901441174	-1.10757447734015
441.17289848045	0.285468620137068	-1.10735055954853
761.302365700402	0.286603416550747	1.10464357603793
480.490950519488	0.287021250388454	1.10364886927542
508.694854924872	0.288354601966433	-1.10048183732623
620.711891439692	0.288544219597348	1.10003233386053
335.154607788573	0.288756379583735	1.09952965191097
555.22929116333	0.288916833295342	-1.09914966247004
630.923075555135	0.289189184262864	-1.09850503432698
639.730183209605	0.289288266600608	-1.09827062788375
273.208054145992	0.289472337829794	-1.09783531500233
538.225679636845	0.289474200527595	-1.09783091092947
515.69590121491	0.291130416542449	1.0939233223406
840.842109373378	0.292061565037523	-1.09173364814448
526.52966363456	0.294054560092857	1.08706425383736
249.153646121878	0.294206007513417	-1.08671038459713
494.18049434467	0.295051792173207	1.08473660923399
577.728849477007	0.296616463372445	1.08109617386821
243.197253039595	0.297417721948906	-1.07923740690664
256.877374763846	0.298547576827945	-1.07662261410087
215.165466190168	0.299089018087905	1.07537215080306
157.123097571269	0.299297657750613	1.0748907399321
524.701420784694	0.299506469553994	1.07440917877789
314.19835216793	0.300229266027351	-1.07274417017612
285.171812626027	0.301199160627405	-1.07051457363238
455.151909405817	0.302815840989931	1.06680982140352
564.217141523701	0.30308587516048	1.06619243018983
337.206172082696	0.303814616795245	1.06452828341441
873.847004422891	0.304489124933313	-1.06299058502584
623.726879296432	0.306331016321382	1.0588042119122
494.850064745322	0.310293909403559	1.04985896639953
554.546457703362	0.310444622657057	-1.04952041480468
71.0130577404383	0.310880158349391	1.04854272944057
566.203762179412	0.31146116356466	1.04724004448288
819.323544244487	0.312024362717951	-1.04597896684701
402.6410522093	0.312541825566229	1.04482175488188
475.688035393392	0.313234126197739	1.04327572219332
584.214447499434	0.313747570391873	1.04213070809648
927.37765045393	0.313871223088604	1.04185515749318
516.52592008134	0.314057885109032	-1.04143934440526
476.178421083123	0.314321776602055	1.04085179840963
825.829686465474	0.314899293183044	-1.03956722170997
526.295886476312	0.31503762727372	1.03925977691426
550.214071378152	0.315189533696488	1.0389222804414
389.237054277244	0.318941139840723	1.03062425612688
500.852739970104	0.319409001711387	1.02959436184598
429.144404223087	0.319770063303694	1.02880030792105
629.756104169612	0.321522229836696	-1.02495605240334
227.20203707733	0.322969662286451	-1.02179173550313
189.104299790505	0.323003592758334	1.02171768047377
423.15108274077	0.323672514379655	1.02025886344844
307.193092068772	0.325144709468753	-1.01705583263337
301.239442788582	0.325432696578149	-1.01643048045784
570.233500040657	0.325812628708225	1.01560607980625
337.206556028619	0.326369999700559	1.01439790626846
143.107289424076	0.326386159779809	1.01436289925751
566.55812565704	0.326477385997243	1.01416530238301
842.334883111177	0.326817122239883	1.01342977783272
251.165962870988	0.32948530029639	1.00767213071077
767.793731940432	0.329594722401974	1.00743672135642
536.214093050484	0.329740320627985	1.007123569608
487.84296500684	0.330109531451607	1.00632991531797
312.255410739907	0.330652239362595	1.00516446072285
914.869225289932	0.331425661380876	-1.00350590600474
426.409543515035	0.332415964075757	1.00138628422084
936.388062015626	0.33328559626388	0.999528645421747
213.149914166597	0.333711931231521	-0.998619201579648
421.408998990185	0.334057201370087	-0.997883287544944
835.330075004489	0.335466354477458	-0.994885386115721
770.307343277377	0.336528675230359	0.992631254324754
683.950013124695	0.336600032167926	-0.992480023378948
149.023978285799	0.336739061107088	-0.992185436426617
163.076161718226	0.337934514982834	0.989655949871015
501.518979535612	0.338124367881335	0.989254819173744
221.082110119208	0.339082277459576	0.987233326100333
512.189489077557	0.339475852467232	0.986403928119181
285.208105113859	0.339685448416478	-0.985962514564615
450.762042352967	0.341409298312385	0.982339324747734
209.154851307071	0.341520145394772	-0.982106788298501
177.055484724208	0.343190760014496	-0.978608575452414
253.145209338354	0.343408664740132	0.978153174769684
734.2897500114	0.343856208343661	0.977218487430032
786.297955157329	0.345039882517587	0.974750520412527
639.761545579188	0.345274803191561	-0.974261417449426
719.776193579696	0.345340490982053	0.974124697816915
434.866019006835	0.345530102011915	-0.97373015231495
866.855972914864	0.345611474095434	-0.97356087867656
605.724860554015	0.345639421100542	0.973502748594611
692.745882564247	0.346354554164099	0.972016384990853
894.378018869296	0.346861738147922	0.970963536479459
576.807539054593	0.348622572889039	-0.967316626134053
115.039439446889	0.348719182778687	-0.967116908585432
519.70916823277	0.349029172922457	-0.966476340398261
456.848198005371	0.349063106719657	-0.966406243280215
482.505293787801	0.349312168978132	0.965891900692293
627.217128017311	0.349384630471208	0.965742307443494
422.144542282587	0.34940532341968	0.965699591835447
387.142468849913	0.350027342916958	0.964416407400152
814.329179772023	0.350181692433438	-0.964098241619963
436.150050724603	0.351083628233781	0.962241007930635
542.879053495524	0.352205037652249	-0.959936481973473
412.903171180612	0.352333043477622	0.959673752297824
225.149869956145	0.352961782757386	-0.958384241458937
447.154413878888	0.353222028697333	0.957850959331534
263.13316690223	0.353364234148603	0.957559675142007
225.14992530048	0.353767897347726	-0.956733282867654
465.1643996534	0.353828917343261	0.956608417914017
661.773879624603	0.354023258228277	-0.956210838882179
482.518892996065	0.354948525408057	0.954320024415301
428.147653660652	0.355430063480261	0.953337341342496
668.276841582353	0.356391130531469	-0.95137883791132
335.154498852084	0.356744014284524	-0.950660637091031
513.709334900353	0.359832560828376	0.944395652325347
485.281025586451	0.360249205316874	-0.943553361077279
207.102777773994	0.361532818653337	-0.940962626385187
465.83185248751	0.362339357488366	0.939338026850653
336.88873745499	0.362435183332434	-0.939145172196268
565.232569166265	0.362774720419665	-0.938462118625968
546.222768586364	0.364525166130729	-0.934947687743905
174.055835429697	0.364766760966338	0.934463542997679
449.495364086281	0.366857201119994	0.93028358201895
844.834615541462	0.368678818488005	-0.92665446774541
576.727887785815	0.369850643763192	0.924326394477947
243.161002485236	0.371141435991476	0.921767806210378
401.140415608334	0.371254305526537	0.92154436751889
291.16130765437	0.372532324824726	0.919017608502284
448.764824119042	0.3729439994645	0.918204951416431
474.487408624206	0.373868883791982	0.916381433738463
760.802904305083	0.374487865603645	0.915162755929236
221.15497466249	0.375302942536109	0.913560088964826
733.271049116199	0.37546993925986	0.913232019718126
587.216087901462	0.375846342469739	-0.912492930133018
724.809798325421	0.376940906168554	-0.910346546931235
151.039777863057	0.377529090942349	0.90919489597784
417.232531864291	0.3786804418771	-0.906944100952027
480.824532166421	0.37971608618787	0.904923464366592
542.731120276763	0.379926101459648	0.904514160970285
489.703738377647	0.380678869380651	0.903048332446395
94.9799721571527	0.382989592951488	-0.89856098130529
605.250038891379	0.383191204824126	-0.898170325906041
381.388306982937	0.384057498091641	0.896493319831278
293.143934249399	0.384175175291502	-0.896265712350077
456.182589392304	0.384263251829468	-0.896095388275742
349.169566154837	0.385381274280271	-0.893935618066985
151.123689714666	0.385792828917275	0.893141648776953
269.140552705369	0.385870831750369	-0.892991230342915
284.224121333287	0.386860891854394	-0.891083801658115
676.287441674056	0.387944809522873	0.888999307654139
517.206677936978	0.38879580376247	0.887365489859272
227.165692749405	0.389408057796093	0.886191510880705
78.9181990896483	0.389727695747866	0.885579106135645
571.563117671511	0.389948032913093	0.885157150933373
134.04671519178	0.390732877798584	0.883655435165476
205.134839578216	0.390772493118915	-0.883579689096483
731.266253414383	0.390857726207194	0.883416737461503
553.221209660168	0.391800843942922	-0.881615236400202
617.753085214349	0.393544820155707	0.878291591260868
756.793354448999	0.393825438161356	-0.8777577123443
619.23069048487	0.395508758685263	0.874560487864554
773.797999385884	0.396045773082574	-0.873542413790474
590.231132182407	0.396520211544087	-0.872643735371683
325.185545572011	0.396523490967897	0.872637525996811
482.181347021757	0.396727485075954	-0.872251343582286
438.152768127803	0.397313498517432	0.871142691945054
328.250159457353	0.397912217037986	0.870011125645117
542.548447174621	0.40153010057267	-0.863197312621708
453.157285904249	0.402196536476847	0.861946605209277
825.813355544263	0.402380677187948	-0.861601267900638
336.84107526393	0.40315422166426	0.860151702543602
452.758941523699	0.403494083625075	0.859515406845016
861.345966197692	0.407194543920041	-0.852610085485624
112.984956333741	0.407361021223886	0.852300399317447
115.075782750462	0.408150527491596	0.850832866360412
530.532513809282	0.408157130979565	0.850820599670532
135.044624430597	0.408334898987139	-0.850490425394184
277.21812345824	0.408481144787976	-0.850218869044899
309.208352553245	0.408787459394899	-0.849650295755167
323.190922096576	0.409022721321891	0.849213798320349
395.470636721517	0.409290619838407	0.848716948415193
591.237760249241	0.409782697051352	0.847804887299011
201.186087513036	0.410175651743712	0.847077064119215
436.677228797792	0.41035468579575	0.84674561207651
470.699359020069	0.410994389132532	0.845562079537882
612.758135289068	0.411272766208966	-0.845047422911128
530.864204108226	0.412005337460128	-0.843694150915011
422.817020107741	0.412284587201823	0.843178709487135
535.723712411398	0.413177765071791	-0.841531603900534
335.224166830755	0.414511105882507	-0.839077112629562
444.46808802213	0.416013959101007	0.836316731722513
315.162266361959	0.416077575966899	-0.83620002607328
101.0600700346	0.416082981070195	0.836190110902992
475.843320490042	0.417297368703508	0.833964546602025
801.310909923902	0.418881294766209	-0.831068053796999
405.49520905177	0.419094396857432	-0.830678900908406
453.158304407583	0.419658341732285	-0.829649680514963
648.665928680559	0.421318216381387	0.826625534135785
595.758542489382	0.422156253768558	0.825101629507616
777.307886289185	0.423831391157583	-0.822061368210304
251.133023073153	0.424452483426068	0.820936096752779
522.861238754758	0.427675458488876	0.815113780160474
221.154973211686	0.427762281402386	0.814957324746196
155.143816457277	0.427789737752981	-0.814907852476696
581.742501143052	0.428013203507397	-0.814505276076536
678.239542633996	0.428449370467286	0.813719903869732
387.819690346805	0.428861990170569	0.812977403001064
432.148569777722	0.429061738963277	0.812618123485967
604.738385539188	0.429906346450682	-0.811100147343768
577.223559749813	0.429922875214206	-0.811070459971854
453.494520737544	0.431902189000889	-0.807520670278471
371.63574352195	0.432092810886574	0.807179349548447
434.662518497074	0.432302341393442	0.806804282573452
652.733678700065	0.433430703639264	-0.804786465391454
517.526551102688	0.433769643152651	0.804181003835136
500.862340048417	0.433998154664542	-0.803772974401902
512.762292613385	0.434819731492645	0.802307098235678
504.171551004483	0.435684122858729	0.800766732181129
741.783746737765	0.440734978892735	0.791804524020461
501.853286604843	0.441122194965032	0.791120138243901
787.316269841335	0.443135734769806	-0.787567399304159
535.879769130286	0.443690557154936	-0.78659024536149
107.04960685171	0.44456879977168	0.785045053821153
695.797048968931	0.444698644479779	-0.784816766269286
315.255186222587	0.445017292180082	-0.784256710665718
314.906826562512	0.446446794776199	-0.78174730937143
384.147740386251	0.446822870321846	0.781087970452682
341.234500641677	0.447509239386322	-0.779885518424347
371.245290860588	0.44761250640029	0.779704704655228
320.151516795821	0.447679515528642	-0.779587390042415
472.682873578711	0.447726337246658	0.779505424576834
214.181585971106	0.449242934190098	0.776853386194846
298.867175427395	0.45306194783444	-0.770199834072166
74.0239706527339	0.453382063731976	0.769643712126095
494.179428572311	0.453827428926375	-0.768870406573423
235.13456697959	0.454001157114501	-0.768568883195548
514.806807383747	0.454065073969115	0.768457966873147
454.16728537774	0.45437279122966	0.767924114053916
465.510906765435	0.455576563206657	-0.765837866629212
605.750144562502	0.458533220789668	-0.760728163758147
598.741597094594	0.459106411118054	-0.759739934657382
446.820106513514	0.459498817122307	0.759063832345515
108.021007277949	0.459885883858527	0.75839727834997
567.883830212789	0.4600907039142	0.758044704932718
93.0006907132898	0.460270561842723	0.757735180648928
390.805955665263	0.460329535339961	0.757633707168705
366.471916642215	0.46055140907383	0.757252009135685
444.49166875093	0.461155845273415	-0.756212748359779
520.196627341764	0.461684890810113	0.755303801575913
501.195736198307	0.461845720863061	-0.755027608453691
560.736014339598	0.462608729261877	0.753718101052751
550.541061157889	0.462937036583038	-0.753155054633315
198.092464699668	0.464961993443745	-0.749687664365575
270.208505152029	0.465806302740158	-0.748244664744957
902.872409221031	0.46875616061301	-0.743215614555091
121.028919375916	0.46951127544392	-0.741931367806727
225.056077584763	0.469658986169277	-0.741680298885624
441.151624234302	0.469791089847665	0.741455798525755
535.208572200659	0.471857660431584	-0.737948804532445
377.461365935739	0.471959938109653	0.737775480811398
492.162865412093	0.473642081477316	0.73492811935355
424.503029692087	0.473906130695011	-0.734481720658707
171.175226352566	0.475387987359192	-0.731979299346723
483.18740911263	0.476358174397149	0.730343491816579
701.62608068767	0.476646270444708	-0.729858127939783
488.508858736524	0.477785694721176	0.727940238556063
269.176936550363	0.478527929207784	0.726692384968776
511.526759923477	0.479484202045575	0.725086403780654
782.313898358521	0.480198528172505	0.723888008332561
418.143930117948	0.480657893251793	-0.723117916193386
314.835817071261	0.480666858011093	-0.723102891823555
150.00158444584	0.482028923833633	-0.720822105804787
147.081188998074	0.483154377159457	-0.71894044094524
412.484379068019	0.483452493579705	0.718442454532046
410.821339781005	0.483662710727906	-0.718091409226239
526.71717737099	0.484468240182677	0.716747085091059
75.0079758802056	0.484990394084772	-0.71587639108325
552.210490649751	0.485464898016257	-0.715085638720466
138.91420188538	0.486247362494633	-0.713782681686748
518.70241651161	0.486812044285735	0.712843151580369
785.325504600954	0.489293000919579	-0.70872294327193
399.146985767227	0.490168638792822	0.707271704524209
888.366056617416	0.490457173604478	-0.70679383793548
355.159690379677	0.492032560160531	0.704187639620834
572.556009673278	0.492218032852075	-0.703881132822823
287.187424724136	0.492876990998394	0.702792709278374
482.505204721623	0.493077583721557	0.702461554112237
491.179070650172	0.493392984112527	0.701941025670894
392.802940825707	0.493412045584175	0.701909573416793
802.303701607679	0.493815886527592	0.701243386758184
411.405479497261	0.494076601223763	0.700813475583534
503.522348759043	0.495267258899548	0.698851811984537
370.144066845371	0.495496119081027	0.69847507251297
599.322524959841	0.496143124488556	-0.697410554345825
645.744322321356	0.497536416971961	0.695120936393425
540.714998068808	0.498237785907334	-0.693969790330054
769.80755872759	0.498272085663689	0.693913519041779
980.404470028836	0.498925153086345	-0.692842546326263
799.316534017068	0.49928889191318	-0.692246402823831
313.149042329663	0.499712429262807	0.691552573762988
237.117221906882	0.499964626791122	-0.69113959301708
209.129790871273	0.499990670504349	-0.691096952623854
542.71148525899	0.502793330502137	0.686515820279511
384.481731871032	0.503349023843456	0.685609272840507
572.765957255234	0.503721775177212	0.685001499845391
219.175787289226	0.505855274990352	-0.681527836485896
430.159852506402	0.507197357477866	0.679347074425681
830.335147277987	0.507455412430573	-0.678928141765857
371.245293702502	0.508565761237477	-0.677126978836563
495.193138845258	0.508928892655043	-0.676538414948335
512.854343613581	0.509963283425377	-0.674863200474778
177.091867614056	0.510076873596521	0.674679358620465
394.644351038101	0.510963131291938	0.67324578987015
534.715666157545	0.511666638548452	0.672108848575983
335.154534639316	0.511959182458657	0.671636331747819
530.702674898938	0.513092432487972	0.669807369895078
671.938447533842	0.514387448230683	0.667720169104743
113.023743683885	0.515794886563637	0.665455185429069
169.159566421797	0.515839901675161	-0.665382801216613
712.772288502941	0.516388018019197	0.664501720650066
473.76589618084	0.517644705267574	0.662483647420552
485.846428559816	0.520259596235357	0.658293408499493
479.690311860953	0.521067299271539	-0.657001523985822
281.2495736029	0.521101475738897	-0.656946885342048
185.191100786496	0.521824099387998	-0.655792087004824
517.856081740234	0.523958776522739	-0.652386017509541
209.191353832479	0.524106508339895	-0.652150588664431
755.790081224599	0.526576289676968	0.648220219551498
394.895512122932	0.52664066973107	0.648117905245855
561.720687710352	0.528368701944654	0.645374298639785
601.574151912054	0.529035577178464	-0.644316844656648
551.877361886215	0.529489328764134	-0.643597764871154
566.712396489678	0.531017847734408	0.641177990563862
225.113631724439	0.53189308345509	-0.639794172051119
678.79009286382	0.532378527683335	-0.639027193581681
309.175292153926	0.532970998093157	-0.638091647347781
201.113372307446	0.533887493565504	0.636645587119576
211.134225191203	0.534656989572982	0.63543253159363
197.191190522336	0.534745630138313	-0.635292858450922
250.145772536614	0.534766809926559	0.635259486837017
597.307298391062	0.535401673104093	0.634259514995408
542.209465861463	0.535602397484609	0.633943491432489
117.045198788333	0.53623721760935	-0.632944453293803
377.799504481924	0.536493838321239	0.63254078671896
394.127818964307	0.537273593118196	0.63131488195152
332.847059049177	0.538413098703948	0.629525159041454
250.158201773681	0.538987920927544	0.62862313016021
98.0001901546456	0.539101887567456	0.628444353304391
87.044397093064	0.539443506800944	0.627908588026899
736.97715946212	0.539712826224253	-0.627486343343728
536.870156469066	0.541038283459681	-0.625409954335034
483.186679368488	0.544062356435078	-0.620683056849567
156.924975918943	0.544810813521987	0.619515377831089
725.284441750468	0.544979165252805	-0.619252850805088
509.209438332613	0.545182627722361	0.618935631444864
379.216991446126	0.545293049487296	0.618763499425311
759.29753286632	0.546301950998965	0.617191645285246
508.187962810095	0.547024072601565	0.616067563344908
734.782194160959	0.54717293553116	0.615835938316472
428.830865471672	0.547190115979568	0.615809208407423
76.0032656983542	0.547345550934846	0.615567398365036
445.161190929538	0.548282167928205	0.614111095462425
544.871913275816	0.548478317885244	0.613806282473314
269.140472370222	0.548726621894948	-0.613420508222226
526.531502318942	0.549089769038569	0.612856480392181
341.270971981655	0.549818632750132	0.611725045530592
349.792950903701	0.549854216585644	-0.611669828645726
327.164693506139	0.552107781431671	0.608176820118481
586.734417213874	0.552371595360188	0.607768415812251
610.642929514313	0.553163107535479	-0.606543726396939
354.829167882356	0.554615620436488	-0.604298744045798
498.850889670839	0.554725949668631	0.604128350458548
300.218959646416	0.556602908231351	0.601232346871046
135.044590315112	0.557762939420764	-0.599445130754929
477.503123000435	0.557879872954099	0.599265086366929
143.10731541577	0.558237381886745	-0.59871474970168
905.37019909833	0.559424640883234	-0.59688847789804
135.044610382921	0.561670999615776	-0.593438730481658
746.289652071308	0.562351488649564	0.592395151519382
857.344153830368	0.567484863255052	-0.584544261809065
552.22397393896	0.567684471130498	0.584239745705962
893.86891420006	0.567802537604124	-0.58405965343403
763.792088132018	0.568679733889005	-0.58272224298479
267.233886224505	0.570146249960681	-0.580488754127114
387.789573178582	0.570362034715976	0.580160371171793
447.177175480307	0.570750794882013	0.579568917460092
532.746834253717	0.571806975671474	-0.57796312656815
69.0086127123896	0.5737734951423	0.574977412019242
313.239702630685	0.577848767298818	-0.568806976797385
112.998629310629	0.578648789532681	0.567598307679491
487.195810196623	0.578781757809554	-0.56739750386398
356.826120520112	0.579610750265189	-0.566146127891346
961.3832828828	0.580646321465141	0.564584217333087
223.14543700383	0.58185963035942	0.562756059607547
510.764950350546	0.581889138318076	0.562711622861234
129.055198518433	0.5821513163861	0.562316853527026
277.145442345399	0.582394911828932	0.56195014660821
475.154868103246	0.583206831875837	0.560728457021062
337.170103227251	0.58360827633485	0.560124729668364
307.159672526698	0.583784517482655	0.559859750145518
428.660944100043	0.583827525746743	-0.559795093219786
129.091579109179	0.583920307238686	0.559655617512958
311.170025525741	0.585026412273446	0.55799371670084
179.107689132613	0.587958069825897	-0.55359672005207
445.652346457411	0.591991408499572	0.547565589687444
470.832869421426	0.592802546337365	0.546355197308282
427.816771834004	0.5928800992818	0.546239515458859
784.292838430905	0.592971985595126	0.546102463131264
243.197250077544	0.593513175934103	-0.545295472271641
808.816793706441	0.594750051867869	-0.543452508463215
818.824357719541	0.596639959100378	-0.540640238845008
440.492403072468	0.597982707026345	-0.538644883079314
296.869977580853	0.599608967628395	-0.536231220097338
853.339654198317	0.600489575648375	0.53492560331966
267.144747967145	0.601039848202301	-0.534110236432072
279.161375264777	0.601680573749921	-0.533161308682346
297.154071134965	0.602439196573566	-0.532038421786305
888.859820967459	0.604768907700284	-0.52859444117415
818.323572114384	0.604879060304644	-0.528431766771903
441.254536947747	0.606742404796517	-0.525682174630237
257.176641337194	0.607170342221552	-0.525051288662408
323.131208418154	0.611767911356602	0.518287047538081
423.810861668907	0.612374564255193	-0.517396359687293
85.0287510139886	0.61241822489626	0.517332273722753
283.138435437122	0.612451458050497	0.517283494924454
255.233771677011	0.613657826271776	-0.515513689081452
269.176890414742	0.61393766225676	-0.515103396758713
352.862572703256	0.614139133758827	-0.514808057794112
599.706704992999	0.61537204028015	-0.513001751848144
274.888132021656	0.616587769280264	0.511222328282181
834.83242040176	0.616960449761045	-0.510677187647618
518.537874395263	0.617064986642998	-0.510524304258383
68.0133855938222	0.617198911683245	0.510328459466803
506.203643987599	0.618257464001988	0.508781210268266
541.87123464095	0.61889084849065	-0.507856024545472
768.799354741652	0.620277255953235	-0.505832484923168
839.335033097185	0.620382316922454	0.505679231118146
795.81082951966	0.620588903223708	0.505377917296275
546.223116168612	0.620657419379078	-0.505277994553398
892.361862150355	0.621239768502183	-0.504428920317304
505.519617068937	0.621378642804454	0.504226495706615
452.806565936101	0.621623440126654	0.503869729351493
427.146835439188	0.621804497270162	0.503605900863749
199.133962511674	0.621961836072165	0.503376663544636
152.035017132582	0.622124197421671	0.503140137620566
146.024383897527	0.622167079511053	0.503077672472412
516.21723495449	0.622431833068311	0.502692058891745
687.306905360066	0.623548708482136	0.501066191345969
768.296990634589	0.624958639001446	0.499015696273156
193.087060162844	0.626585021768554	0.496653139324827
263.166446972158	0.627047216511446	-0.495982265312778
787.815589306591	0.627670343055824	-0.495078169859192
311.133513997795	0.628056773700711	0.494517710188633
295.159313991254	0.629403164744521	-0.492566243039794
199.17049711881	0.629715883515997	0.492113268426266
233.155280209598	0.631573348393093	0.489424900291658
523.526756402886	0.634070690456953	0.485816255308927
294.825406497162	0.634311917944198	-0.485468035226083
458.500460054776	0.634313021962916	-0.485466441679603
410.743603205721	0.634804981073444	0.484756473977816
573.237620744052	0.635689733476909	-0.483480294031705
473.690320823495	0.635946645687162	0.483109874993821
881.346072581962	0.638082779592758	-0.480032659471178
467.838545868895	0.638257864285119	-0.479780652520227
73.0287163661378	0.639702679814247	-0.477702286361201
394.799784795496	0.639904950538515	0.477411493146575
559.731331284268	0.639958416885065	0.477334634681148
393.82414464107	0.640210916652252	-0.476971703477015
85.0035837269637	0.641075276458976	0.475729812714983
560.220571386359	0.641819146313361	0.474661655733193
499.196725401503	0.643235562891677	-0.472629328628277
138.019179893428	0.643277888514877	0.472568629844354
158.071268091127	0.643897347838523	0.47168047809681
579.744346121941	0.644376076118672	-0.470994367670854
821.323269882295	0.64515975666951	0.469871703992511
334.84401825453	0.64528011549899	0.469699338779503
467.834980895382	0.646028018625177	0.468628599208952
854.335793958419	0.646672580137462	-0.467706262051952
471.842690741384	0.64845120583951	0.465163296931665
376.148553986466	0.648614916620991	-0.464929392829766
96.921513098291	0.64942616416678	0.463770705509814
528.705067529018	0.649626313223376	0.463484937639958
96.9688004446238	0.649870775266837	-0.463135954752495
467.502423903441	0.652262480133357	0.459724783393498
460.162074539607	0.652396138533984	-0.459534319201056
256.192663136002	0.652556793966909	-0.459305407235883
717.286907482252	0.654236127891745	-0.45691409803155
149.060470938841	0.654244565868429	0.456902089612865
483.520269575203	0.654358091006523	-0.456740534230609
211.170603393028	0.654867705424452	0.456015466372881
201.186057574014	0.655350580801838	0.455328674788306
199.076472237328	0.656826146454209	0.453231381380252
365.201212309903	0.658281395834552	-0.451165016465508
447.835475715713	0.659121704286309	0.449972752904839
183.102638187332	0.660114900451668	-0.448564433162841
569.721522822487	0.660474040647547	0.448055414598352
775.293127114735	0.661247514510857	0.446959564839518
294.135808777009	0.661487384043325	-0.446619834942245
680.244139744341	0.661763242963109	0.446229199922146
269.213154008517	0.661940278908278	-0.445978542713378
488.845395993275	0.66230628807229	0.445460420311623
234.869373435912	0.663033846148281	-0.444430862871419
642.268956609378	0.664875593319395	-0.441826843138021
532.717226250117	0.665935233377587	0.440330062444404
664.260884988029	0.665958965444248	0.440296551923818
588.750651070355	0.667108847809304	-0.438673499736746
307.159543431849	0.667431076761346	0.438218893805377
382.792979130283	0.672486788335648	-0.431098606820846
85.028754994042	0.672890503613497	-0.430531024530231
323.170755421668	0.673193091315086	0.430105713012945
93.0338574455597	0.674618422376714	0.428103394919451
212.129506422565	0.675123874152258	-0.427393766134613
257.176479670687	0.676272195975672	0.425782421854135
464.180299971345	0.678002285987702	0.42335692662085
506.85328481834	0.678919139958518	-0.422072609615122
407.155106848599	0.681060799540125	-0.419075452479232
799.813154227552	0.682498917355975	-0.417065096756363
485.178887598644	0.682716373074632	0.416761268556515
408.152412406774	0.684794702398011	0.413859475695531
93.0450926373297	0.686952226342386	0.410850991423514
229.181435598485	0.688221737833194	0.409082597682496
749.276736234522	0.688408715976517	0.408822256474456
309.175305462905	0.688916933950297	0.408114780786705
525.709903593865	0.688936698920524	0.408087270891379
971.404517879729	0.689332369244036	0.40753662520281
812.82183934498	0.690983447856252	-0.405240258912662
445.188403353132	0.691183406820781	0.40496230359596
460.494762989516	0.691561887685887	0.404436282117077
163.039798228908	0.692484713177389	0.403154212112513
706.768479743347	0.69255315083643	-0.403059160385274
309.117857851766	0.694168607622768	0.400816596882419
431.172692548743	0.698848956083943	0.394331315394626
545.214977207558	0.699110320095563	0.393969676870519
317.180040734839	0.699303184620112	0.393702853106755
165.13942001189	0.69956206918156	-0.393344738590768
412.740677653654	0.700673171295285	0.391808356889546
527.818555356425	0.701970610459227	0.390015551072875
447.489385933531	0.702702808036235	0.389004382160752
466.816808550571	0.703934361347779	-0.387304546136516
377.133103572466	0.707939046502781	0.381785256379064
627.217784731525	0.709186278403612	-0.380068824497685
582.233741520671	0.709374847417702	-0.379809420140131
183.139024258591	0.710469456466715	0.37830415702321
700.252594459691	0.712731774688326	-0.375195968679131
236.866474716623	0.713348167065775	-0.374349774735627
791.809482926517	0.713684119435258	-0.37388869284708
800.312324176439	0.713926750595672	-0.373555743001457
521.860790204703	0.715111203694724	-0.371931008031198
135.044608920308	0.717134590901405	0.369157887440643
517.522262306611	0.717628799181965	-0.368481014709955
982.420281485274	0.717634265435984	0.368473529070384
593.225422080831	0.720447487925274	0.364623906658982
535.531909109582	0.721128259230991	-0.363693196934926
187.170340570108	0.721598246279362	0.363050853102387
149.060471344443	0.723908601206349	-0.359895524384117
436.496716708048	0.724622408179189	0.358921421386118
654.703773095254	0.726175700376677	-0.356802949554868
453.827179131966	0.726329004237881	-0.3565939566026
458.164596626407	0.726394473079166	0.356504710598065
547.876708903771	0.727318037973312	0.355246042194147
184.134240340456	0.729509533880416	0.352261765921411
98.9551366664126	0.729664741455343	-0.352050537605505
528.715023874108	0.730797737997433	-0.350509098820072
702.801160987673	0.730859244666648	-0.350425444394867
514.857762249109	0.732026205558958	0.348838766505166
284.916915458145	0.732998120088547	-0.347517995450658
738.784473911142	0.734047902109646	-0.346092127262232
715.271038854339	0.734241329388399	-0.345829485614995
296.224021060423	0.734995650011262	-0.344805486186073
530.199216851004	0.735295242115051	0.344398892418652
403.64797080917	0.736732591475181	0.342449018519469
314.234409969799	0.736998137009934	-0.342088936707524
585.743319718958	0.737420317882133	0.341516552735752
536.540690858701	0.737981669158931	-0.340755667721441
519.528779341758	0.739143859796047	-0.339181036075468
165.019120110919	0.740935542503999	-0.336755257364089
295.1593587029	0.741525869422398	0.3359564671354
412.404611766388	0.74197162525028	-0.335353450991684
705.268089892983	0.741988062375719	0.335331217403126
412.812827152262	0.743362009899219	0.333473373562236
514.20106806518	0.744933432343585	-0.331349997305948
261.150567722521	0.746761945239295	-0.32888121725527
568.722873941078	0.749686807126822	-0.324936593758377
485.655742751995	0.74976541489486	0.324830653286102
350.787506940401	0.750925470005281	-0.32326768344768
309.13897865208	0.75291672549819	-0.320586763409311
578.736608087961	0.753228148346528	0.320167701398127
385.143590525295	0.755002227403693	-0.317781568346803
838.352506664591	0.755571753764103	-0.317015963288997
470.672187535462	0.75560521278765	-0.31697099099073
478.170812710529	0.756069209734708	0.316347402297753
276.885008932859	0.756472076457664	0.315806075237019
229.144937177235	0.757490928449652	0.314437493229665
383.128898530352	0.75806991252718	0.313660045788375
782.30381051668	0.760065128655666	0.310982446611583
517.869931221722	0.762250057941843	0.30805295698052
99.0443585887987	0.763986972962959	0.305726149951934
513.52113831169	0.764635510481336	-0.304857805998619
465.839437409707	0.765760989663922	-0.303351449829297
499.850657900376	0.765899184603568	-0.303166538247053
239.060351031138	0.765973031460125	-0.303067732048227
502.202295456567	0.76640077321926	0.302495480401631
448.164750515321	0.766784823872074	0.301981770064505
426.663195290864	0.766852716799165	-0.301890964534149
507.193681722659	0.76889827645358	-0.299156299328859
508.692147064386	0.769073538383184	0.298922105937122
279.161085542372	0.770261469624808	0.297335192492118
369.229564631914	0.772193334313917	0.294756177721035
505.85068267727	0.773031220239086	0.293638257605288
524.86947426891	0.773952372849733	-0.292409690558567
409.642536399084	0.774680493120721	0.291438907259376
463.190425753032	0.775867208641638	0.289857314557017
385.206775193673	0.775892517201134	-0.28982359301171
154.927922562497	0.776113523313933	0.289529135638095
220.147207183266	0.776872453678906	0.288518177614537
323.190532805687	0.777975830578276	0.287048945547544
786.308545525995	0.779314760159583	0.285266938484131
509.838403560004	0.779439431350312	-0.285101060176331
307.159601235604	0.779942554739725	0.284431725705616
211.134156398019	0.780087433154956	-0.284239010548162
929.393667027799	0.780205439928306	0.284082047930521
196.134345159867	0.7804496565274	0.283757235259284
436.838856757628	0.781277535948589	0.282656376029918
548.548856225992	0.782133603593807	-0.281518415896299
127.075894837366	0.782760656069418	0.280685128153648
466.682407703974	0.782878739252878	-0.28052823098881
225.149968356203	0.783424410226842	0.279803292838943
400.802475691117	0.783977604718147	-0.279068518678632
227.129387357655	0.784239006739996	-0.27872137009839
420.663780857092	0.784947979828012	0.277780014878963
225.572159128665	0.788277657389027	-0.273362434576312
538.873197589081	0.788354684938076	-0.273260307181416
353.201375394142	0.791390528254334	0.269237612668016
542.545248910793	0.791957122468366	0.268487351329934
482.696623353818	0.794634174232482	0.264944666593036
383.281774971584	0.795565385710564	0.26371317419967
435.816638016005	0.795951609441356	0.263202532363361
329.104332385902	0.796588157016259	-0.262361086223819
171.138858938048	0.800080191753835	0.257748486663484
232.044260716035	0.800470358609868	0.257233481777785
219.175660126582	0.800611354763336	-0.257047390229167
590.706037562913	0.801723131829295	-0.255580359196209
101.023750325476	0.801786678542047	-0.255496524625662
239.129491039033	0.803490237390465	0.253249797630526
518.860757003683	0.804484352778164	0.25193934290744
287.187362890045	0.805417779178572	0.25070930719388
489.521821469405	0.805822747910259	0.250175779339392
534.744428325768	0.806750057224519	-0.24895437604014
535.545762247206	0.806767759863901	-0.248931062891857
352.784526146733	0.807502386740429	-0.247963736748099
281.122776121347	0.808543681140789	0.246593025320106
608.747101596589	0.808957387760394	-0.246048577894075
454.803496264492	0.81312261579137	0.240571324608042
227.071855294017	0.813200895799211	-0.240468460696818
636.738755851259	0.813689283051772	-0.239826755985832
305.17743411148	0.816347554473799	-0.236335814929418
434.414806940499	0.816404964820895	0.236260455425772
471.169715094066	0.816446332042637	-0.236206155761482
354.781567172126	0.816588472176817	-0.236019584653993
562.236893254621	0.817792675410896	-0.234439314094543
587.249715924708	0.817971652385192	0.234204496586606
265.148847563719	0.818141410689115	-0.233981786636537
135.0446552474	0.819461062351444	-0.232250923711079
520.717079966214	0.819627587828862	-0.232032560540732
533.219331644255	0.820609593896437	-0.230745104561815
159.066067949668	0.822668686647532	-0.22804685342848
87.008044674769	0.82286486888327	0.227789867054072
231.175991391285	0.824266572621082	-0.225954187332388
101.060095199242	0.824338828417563	-0.225859582683709
852.34337784409	0.824939013809896	-0.22507384176335
218.167919700854	0.825994279793746	-0.22369268350071
619.255425943939	0.836392693337273	-0.210106740659329
323.130602783955	0.837044159930745	0.209256971855916
401.201453759655	0.838660274352206	0.207149614604437
523.859433132525	0.839372591574348	-0.206221088657299
346.099428253285	0.840244975195279	-0.205084168945052
707.269107929113	0.840295561751393	0.205018251501625
569.541602908639	0.840741323287541	0.2044374372765
424.912195301262	0.840980864982424	0.204125351765511
511.855212319378	0.84367228010843	-0.200620301929707
500.280265760583	0.843704934293796	0.20057779232268
776.325243481757	0.844663892467009	-0.19932958065206
612.257187899949	0.844815575059102	-0.19913217587395
216.928793351224	0.845310665053911	-0.198487906638337
241.156441981613	0.846053615282377	0.197521256835435
293.143747438224	0.850128444909552	-0.192222973327306
439.663935645185	0.85095433138018	0.191149821467069
203.107630991513	0.852060335471129	0.189713052886004
552.877755688983	0.852174474845172	-0.189564802454372
595.905943258194	0.85583520397113	-0.184812378112499
510.693400722852	0.85745472618307	-0.182711307952359
375.18533765496	0.857715069693366	-0.182373634328615
586.245730088626	0.858244601282042	0.181686883611586
506.5206569897	0.859506937540417	0.180050123820212
146.045500955687	0.859846742863009	0.179609616153685
215.201884443444	0.860059590469342	-0.179333709402469
712.271263652094	0.860288605126094	0.179036862101083
746.786688815168	0.860411487924072	0.178877589142566
471.51438306528	0.861648986589089	-0.177273889509962
377.467538394145	0.862712589267135	-0.175895932913513
292.828513679429	0.863278564894483	-0.175162824935374
550.7071300267	0.863487932182316	0.174891656982447
461.17499177712	0.864018483767893	0.174204559339199
502.853768087234	0.864684592253634	0.173342030840228
384.892460983939	0.865334569578632	-0.172500522473805
76.9693425788422	0.866677255844696	-0.170762593038984
325.170253236819	0.868062297060324	0.168970415596288
92.9273044490317	0.869039122955984	0.167706796936315
418.478051831152	0.870367719590773	-0.165988585707023
698.771071415732	0.870398537078032	0.165948737116477
94.9243616223128	0.872032724104018	0.163836049507876
468.833940220676	0.874151684768826	0.161097800289458
405.473714912305	0.874281197923148	-0.160930477459232
80.964371297745	0.877551774028548	-0.156706674911816
449.666372996994	0.880470622166344	0.152939627208413
118.94144029164	0.883366620614872	0.149204351320691
99.0080295589621	0.885323012635297	-0.146682242496315
809.315474111151	0.885349668597025	-0.146647885505939
495.178978729692	0.887279827049353	0.144160582486455
197.09735436127	0.889907300583152	0.140776205152182
247.17115925739	0.892259103011264	0.137748369028333
394.847396377466	0.892711223824722	0.137166439523321
78.9452913376451	0.893465726163819	-0.13619542157543
555.720123554523	0.893792274255516	-0.135775208131463
241.181622339438	0.896038071327292	-0.132885925542913
227.165683785256	0.89813107364779	0.130194281477774
255.197385746829	0.898311648832961	-0.129962105435862
227.129236635478	0.898408791766443	-0.129837206190875
648.785609249852	0.902737265566322	0.124274130517122
466.705383188722	0.903527625487346	0.123258785348536
453.839350902894	0.903730512793067	-0.122998165659553
653.242618807843	0.904502681460707	-0.122006354563788
89.0236738869978	0.904611641390436	0.121866411431581
706.270686003589	0.905298831974545	-0.120983873840861
135.044643262748	0.905555624666711	0.120654108736529
218.932956624798	0.907465934634629	0.118201384749615
538.682525776993	0.907642714974392	0.117974447870579
493.851699257962	0.909746556467051	-0.115274192709132
692.725730168097	0.910564928657189	0.114224064871861
164.956821127103	0.912332093238706	0.111956911170289
588.234777144282	0.913636658680795	0.110283635096799
369.211676485448	0.91905960127096	-0.103331468470932
516.848481151802	0.921173584982585	-0.100622819698931
342.875715162153	0.921311785507235	0.100445770891561
396.844100060936	0.922350215224261	0.0991155446043688
211.134156263124	0.922939846779686	-0.098360311152916
518.706762173403	0.925208457657958	-0.0954550992869244
622.272019163688	0.926042428940235	-0.0943873222356584
519.862449538457	0.929531543915411	-0.0899212540162206
199.058652130252	0.929983028553156	-0.0893434951882864
172.5451754292	0.933877583667622	0.084360982711945
579.744063362498	0.934245140309268	-0.083890865151459
146.045476888415	0.934804500443222	-0.0831754622180328
574.762939636272	0.934821582693646	0.0831536153059993
227.202068591303	0.93487569323052	-0.0830844122828904
523.873115433848	0.934916219952586	0.0830325821437609
179.10762362791	0.935364748948311	-0.0824589685599405
408.746458337252	0.936073897957121	-0.0815521128533476
493.518443122565	0.936658176345848	-0.0808049947205459
467.183866858054	0.936675360349161	-0.0807830222254285
444.823199669441	0.937620528854923	-0.0795745369048607
772.28592390629	0.940460499443803	-0.0759441093973386
540.222933066437	0.941400602796724	-0.07474258194721
464.829532369986	0.943220339205959	0.0724171380084515
458.167798288916	0.949954669145798	0.0638148514373459
407.211356958953	0.952643843028307	0.0603812029781234
604.241675138861	0.952740761945783	-0.0602574673199136
343.214198192774	0.953337907772638	-0.0594951173202778
273.171641935359	0.954168972071018	-0.0584341950606592
400.468469901035	0.954172591977548	0.0584295741050859
537.202954837275	0.955431585342551	-0.0568224986105691
366.761973517257	0.95883520782254	-0.0524786247773687
194.946671598314	0.961099269810084	0.0495897051596059
401.823368468541	0.963969483470118	0.0459279730827285
412.653786943812	0.965510499128792	0.0439622659103019
770.313544113561	0.966097527202458	0.0432135056930027
444.786468484728	0.966456079424979	0.0427561814577585
113.035008214319	0.967132518482748	0.0418934265289418
113.060163840994	0.967292347217214	0.0416895800400631
823.333351271456	0.969417590788883	0.038979204160394
792.310047298794	0.969607999022626	0.03873638702791
96.9512100546489	0.970089137312513	-0.0381228286837702
534.524175583717	0.973012065015423	0.034395765512892
887.859264384451	0.973467135218493	-0.0338155467932655
375.63404732898	0.974946393388146	0.0319295617054908
356.163793412341	0.975690658900593	-0.0309807041652249
154.063236486248	0.976088888178946	0.0304730174395198
321.175349655895	0.976383008513642	-0.0300980604643771
502.185675949734	0.978870708312934	0.0269268109669497
356.615842886696	0.979371286462484	0.0262887240543723
463.171930135089	0.979671574776229	-0.0259059520674821
472.743797045588	0.979706206239956	-0.0258618082394366
463.832410807213	0.979855511393619	0.0256714934488904
848.337614463129	0.980217944921185	0.0252095144372113
171.102495261442	0.982242803767712	0.0226286132870699
157.086718306779	0.983877900124822	-0.0205446246318805
465.844671678883	0.985455480549553	-0.0185340323586174
243.160938868795	0.987037687801652	-0.0165176235164721
309.175347989033	0.98782781908981	0.0155106856230378
634.76630354671	0.988698528540922	0.0144010788482138
841.350773221018	0.990818773620813	-0.0116991763967335
166.050724362934	0.995538326816274	-0.00568518079166525
145.050257748283	0.995976298387032	0.00512710045104113
477.837505332531	0.996070487106074	0.00500708176554886
285.208093032656	0.996077003601192	-0.00499877821374233
615.754361188093	0.998225290525119	-0.00226137034713868
135.044645339773	0.998971472596857	-0.0013105694199002
