m.z	p.value	t.score
733.814263655255	0.00135936839463877	-3.91606946634108
600.261113625994	0.00143564608448597	-3.88939356420042
483.507416459089	0.00146982020641684	3.87790423658155
199.098566572973	0.00152856480954743	-3.85877175696114
325.149031393873	0.00211705559935252	3.70005325987894
547.207940238134	0.00256095472257948	-3.60747137728664
707.79763747382	0.0028962229809675	-3.54767850463679
856.843135053666	0.0029880851208088	-3.53250610443567
582.585443236665	0.00299321631837469	-3.53167245162128
830.329646829179	0.00305021539901913	-3.52250707139248
455.82842669308	0.00332821239710265	3.48013077906382
740.821886875198	0.00379256228481817	-3.41667829354068
473.502937783664	0.00405017859529974	3.38474574513813
955.396111244144	0.00466803707095657	-3.31573636723744
196.92901826607	0.00476013184652909	-3.30623690719262
462.814970743655	0.00515674532373416	3.26731171123951
702.268184686013	0.0059638693618028	3.19652561543438
582.91951609758	0.00600149744257729	-3.19346186549559
169.159577135173	0.00611356373769673	-3.18444861411991
339.164824415661	0.00621530859033245	3.17640600904717
435.482106480312	0.006316336674899	3.16854792996419
754.652177941314	0.0064879762648229	-3.15547831698485
830.830849406183	0.00662942091811114	-3.144962299706
734.312168276673	0.00720045290903112	-3.10464760429484
231.139346748283	0.00729911898715395	3.09800302234485
337.170340191707	0.00752300460276026	3.08324832763999
508.854064792877	0.00773418708096715	3.06972216195615
458.52208609225	0.0080117920177541	-3.05248469634678
393.479416022144	0.00802341739447355	3.05177572627951
680.785207020206	0.00805197264233459	-3.05003857523647
648.263421276004	0.0080941285485838	-3.04748508080637
402.795250278407	0.00815685488215272	3.04370969932745
217.181252910928	0.00915667132826703	-2.9871035733719
694.290391611643	0.00929369759001648	-2.97982302189941
558.770488421465	0.00949253365546415	-2.96944344345139
208.934869507397	0.00973676311944749	-2.956982086519
673.283428574519	0.00978393302746336	-2.95461065860088
478.508244716873	0.00992913470086161	2.94738043801676
767.335702449834	0.00996176243199464	-2.9457700152106
239.16587332598	0.010048832721489	-2.94149759458536
901.872274534905	0.0100792505506155	-2.94001357101972
714.309262116263	0.0101817561229887	-2.93504461481378
928.883838176781	0.010777078261744	-2.90711967269788
748.32271860529	0.0109331384317222	-2.90004882268235
536.213521718476	0.0112838769361445	-2.88451059245992
259.192241315047	0.0114554037108595	-2.87708260162343
261.186829260744	0.0116421684098345	-2.86911715186546
741.320272623539	0.0118151902706269	-2.86184827329878
264.125552590577	0.0120434200058303	-2.85241717591422
902.370456108577	0.0127096850138734	-2.8258495447513
319.228996791032	0.0127992623101072	-2.82238147555334
848.845453128955	0.0128209645683697	-2.82154480637195
529.681966451319	0.012886774743653	2.81901607912607
91.021318882676	0.0129358760308584	-2.81713755301475
456.162255996482	0.0132387104801766	2.80570270183096
919.376023919289	0.0132442694940514	-2.80549518246055
301.145765523061	0.0134735962764418	-2.7970073103397
380.885228089098	0.0137605286088893	2.78658284679318
685.798306802764	0.0137842654835462	-2.78572994620766
678.278672094959	0.0142566788714723	-2.76904554271049
491.512429766761	0.0144570089641193	2.76213180984412
259.171149268818	0.0149610218513803	-2.74514003232738
622.728009371027	0.0153200452877511	2.73337120039964
469.834869793244	0.0165534386300456	2.69487973443662
547.234168083161	0.0171465905641846	-2.67734564394319
473.836812896247	0.0175055224529532	2.66701738200523
126.904481881249	0.0175819581744914	-2.66484433638726
728.32568905647	0.0176142394024427	-2.66392932435191
712.311970994489	0.0180224940366255	-2.65249475721393
462.163674019712	0.0183178660083035	2.64437637588045
326.760865500766	0.0183464996751221	2.64359608524614
712.811911685296	0.0192287283997632	-2.62011158248916
268.192837491555	0.0193871529400928	-2.61600442946456
862.342904291042	0.0195564163408584	-2.61165176348988
459.831129314	0.0196386763837058	2.60954947096453
781.853590848326	0.0199220415747911	-2.60237178849181
244.06231992629	0.0205997282155504	-2.58559565355877
243.233640206728	0.0206431399669169	-2.58453911950934
754.317365072262	0.0209646574004561	-2.57677985530343
687.795838690499	0.0211827633619389	-2.57158091045135
431.819610190708	0.0212948302047661	2.56892951129868
125.02388350853	0.0213937795730083	2.5665995469811
210.842552167054	0.0215908644579537	2.56198937281546
318.877709932106	0.021813597875537	-2.55682748258152
367.878234641531	0.021967864516783	2.55328180992815
875.358415891472	0.0225246833072103	-2.54067903225433
281.143693256685	0.0231053015037966	-2.52785091384079
439.136719179907	0.023688325397345	2.51527580164107
506.660161668353	0.0237060386841592	2.51489838986265
551.708611534026	0.0240778549617402	2.50703768970807
571.898725953408	0.0245364352645464	-2.49750059099906
731.816982122059	0.0246362733808933	-2.49544679329046
472.667662742078	0.0247569365114157	2.49297515715103
411.15492259758	0.0250025283839157	2.4879797623736
217.181185698655	0.0251074746968112	-2.48585936834735
507.197457522295	0.0254012143178154	-2.47996904779571
765.338715273638	0.0254698029919232	-2.47860298885337
613.722430597302	0.0255437194281408	2.47713473258137
634.769353049808	0.0256020339946984	-2.47597923799016
183.102696306907	0.0260264062773864	-2.46764500193989
613.763494170388	0.0261240334074706	-2.46574599982368
84.0083418335907	0.0267378953848433	2.45395775242274
582.708508547197	0.0273483566655439	2.4424870643529
918.874580380676	0.0273875416251796	-2.44175909858257
552.698120294493	0.0273997179404737	2.44153309215022
93.0338315256835	0.0282044119751391	-2.42680433370064
588.235486778136	0.0304627372250999	-2.38750088743366
915.873208278999	0.0309736011213411	-2.3789930836312
367.250262499585	0.0316062880904584	-2.36863826300846
534.534797616587	0.0317524863981097	-2.36627335837379
705.30355645978	0.0322906614990648	-2.35765542878533
541.171524530861	0.032504726578775	2.35426514464648
755.829339066569	0.0334886987125535	-2.33894701789435
640.235924254901	0.0338718639143728	2.33309641350886
491.847591010009	0.0340607965915756	2.33023445559529
648.599046644142	0.034260353117494	-2.3272277340418
973.407901252131	0.0343151954968826	-2.3264043075063
287.223725151126	0.0344496294339536	-2.32439108126669
301.202962684122	0.0345427569964051	2.32300076709851
536.547125322118	0.0349302483998598	-2.31725341930713
193.087044258028	0.0349480845541203	-2.31699031443154
197.154797798358	0.0352883078755984	-2.31199560639693
673.784355544257	0.0357857182804073	-2.30477405883929
646.769935655455	0.0359702551907519	-2.3021188349157
584.564557323985	0.0362099806581918	-2.29868854418115
208.84546346406	0.0364452666537102	2.29534242670874
251.165935329715	0.0368063542730664	-2.29024640617086
945.88724646919	0.0368706110822601	-2.2893444655085
440.846310356662	0.0369073320421267	-2.28882969293856
671.781758147163	0.0371283720829541	-2.28574114510152
207.139179208291	0.0372636361584748	-2.28385961193363
566.216616304702	0.0372877974406983	-2.28352420025817
635.278519856074	0.0376276654711964	-2.27882752836413
526.86360834182	0.0381766387604016	2.27132443454093
865.848309504443	0.0382546843991904	-2.2702659522138
367.215682601869	0.038623152542224	-2.26529577728725
803.816686643187	0.0386890628518645	-2.26441140730701
608.256614391871	0.0387230641349858	-2.26395573619879
667.777857021072	0.0388300613649774	-2.26252424022496
537.204809758502	0.0390039659948858	2.26020545010788
593.74221260706	0.039091321723949	-2.2590443194989
600.714732775481	0.0391021448043294	2.25890062818485
666.789921119011	0.0391082327916411	-2.25881981809104
754.838503838597	0.0392642592421387	-2.25675277104551
601.907179097053	0.0396882946523216	-2.25117364886292
446.15625724696	0.0401744269516636	2.24484558004851
352.438354513725	0.0401906643923253	2.24463545030878
225.186393337417	0.0408616184281587	-2.23602111450179
76.9872439174709	0.0411733587023364	2.23206349543985
601.746979527837	0.0412472517419734	-2.2311295011625
425.482481874524	0.0412605034723042	2.23096216668766
635.260505460981	0.0413088022728095	-2.23035270362125
212.839635082988	0.041520699507812	2.22768668103434
754.986118373915	0.0419972640161927	-2.22173671236094
692.299080029026	0.0420095439903801	-2.22158422787635
491.178713465403	0.0420878320741971	2.22061307355784
335.154510492016	0.043458083532431	-2.20388198829976
421.47837523662	0.0436483823355694	2.20159730618081
233.155009709567	0.0436864918828485	2.20114088486506
700.298621632464	0.0437997295007251	-2.19978686737327
702.763577528752	0.0438178078575517	2.19957099999156
411.802981279621	0.0441244187630009	2.19592241215422
550.211440360573	0.0443837412344898	2.19285487873996
548.882430817548	0.0448678989279491	-2.18717203495222
646.252189166907	0.0450653919481476	-2.18487027143693
684.285583957087	0.0451140479800323	-2.18430462683033
758.330269051671	0.0451198532761134	-2.18423717588485
460.682467692707	0.0454514565290226	2.18039762353454
572.736156725571	0.0459834478060592	-2.1742917586162
656.748681092666	0.0460410483077885	-2.17363458968272
998.415340389923	0.0461000984040962	-2.17296167266968
212.887107442446	0.0461312235467752	2.1726073013771
395.136538988915	0.0461593842093931	2.172286872649
461.631373473403	0.0462535377306337	2.17121685167412
241.217964632883	0.0467022438630959	-2.16614502814071
666.749445270559	0.0471300038888889	2.16135180451987
518.799554811929	0.0471987832671524	-2.1605848647314
241.072608222143	0.0473331719856465	-2.15908931362313
220.900177604792	0.0490306161443956	-2.14052986723307
701.752108742963	0.0490385634846956	2.14044437821573
728.827577546623	0.0492378355280835	-2.13830499375346
632.771442875756	0.0495467990002978	-2.13500371722617
478.830290528117	0.0495842637443203	-2.13460469896106
175.076130500023	0.04960331170826	-2.1344019353142
327.164843445411	0.0496054467098079	2.13437921291823
551.866420056484	0.0499835590802948	2.13036920308105
447.166830683203	0.0502107652123928	2.12797304626126
325.239747648912	0.0503749711006928	-2.12624751935543
375.475864202843	0.0504369570289426	2.12559750018366
889.354309109219	0.0509668658962894	-2.12007044675455
701.812157741934	0.0514169209453203	-2.11541771926632
729.27749333448	0.0517838863319299	2.11165166590322
583.557196500441	0.0519021556171714	-2.11044314004085
460.928205593623	0.0521533889652416	-2.10788432088419
506.197210136619	0.0522748532447735	-2.10665126962311
425.223219158721	0.0524498925376299	-2.10487897812704
666.608693877484	0.0524930825647056	-2.10444251164441
594.19854840807	0.0526211925604478	2.10314980809693
951.390199039188	0.0527210563041266	-2.10214413193614
327.164829206485	0.0527375840391217	2.10197785867848
697.762955659718	0.052998649186876	-2.0993578137486
268.801916958886	0.0531748786708599	2.09759587923493
450.49519934594	0.0535019667796402	2.0943398474442
468.16996684381	0.053766853892246	2.09171638096082
448.832860888458	0.0543149534751272	2.08632544349077
504.679428792671	0.054326819768422	2.0862092837748
515.521873066304	0.0544098395468968	2.08539725019217
840.342622938574	0.0546595336810026	-2.08296177758736
781.351234198559	0.0548392856647418	-2.08121482227625
214.884206900881	0.0549806318149804	2.07984480847288
172.957857396632	0.0550826251635126	-2.07885823210344
533.706417228025	0.0556045878776353	2.0738353961255
410.827160462173	0.055608020313448	-2.07380250921816
878.855030722837	0.057302156066698	-2.05779334781867
777.302986029242	0.057328696855146	-2.0575460101878
701.959991338212	0.0581525693878093	-2.04991985264363
560.695469577747	0.0583592148916692	2.04802254951317
460.170653584864	0.0587216908022338	2.044709284882
477.50592582782	0.0587334863891614	2.04460177993654
399.796496270175	0.0587922519102379	2.04406648497524
714.806665325013	0.058951456944362	-2.04261873948142
606.217303961218	0.0591500482603311	2.04081783002339
662.24627329063	0.0599989051511333	2.03318175811266
637.241422527407	0.0604017017301029	2.02959275655371
693.79469527395	0.0604708928942049	-2.02897844756477
626.219411509661	0.0608968814112253	-2.02521040155878
478.295553937055	0.0609240522712232	2.02497088024189
625.763113058667	0.0612645866354477	-2.02197717234131
315.197846546217	0.0612740835539422	-2.02189390057694
746.331147985129	0.0619504816091744	-2.0159930816611
579.704109764599	0.0622532885162227	2.0133704250209
383.46495912904	0.0623732465727588	2.01233466129614
778.311171598385	0.0624966966378204	-2.01127063797043
945.388232115671	0.0632514198480533	-2.00480692502298
198.918016622847	0.0634907002496984	-2.00277228951388
893.368869958922	0.0636227430128686	-2.00165249480089
244.098639683726	0.0637155699228687	-2.00086653613904
462.165083954433	0.064021932732839	1.99827995087575
488.144747243543	0.0642913006581948	1.99601498608555
515.842201800442	0.0644115392974856	1.9950067486909
618.91076707322	0.0655611035396252	-1.98545265543069
251.202728681116	0.0657723727692234	-1.98371334528744
489.182608642926	0.0657842218649548	1.98361594576225
417.806412084115	0.0658633133995997	1.98296622099084
255.160971049948	0.0659388018512373	1.98234675478325
522.516902350429	0.06598766685199	1.9819461063092
429.154444824912	0.0660606387826852	1.98134830367094
272.843566058677	0.066920585302103	1.97434816911528
351.185797731878	0.0669928947168324	1.97376327854046
266.804830017619	0.0671602720782024	1.9724116013703
126.904596045703	0.067355279049785	1.9708406414037
478.682877103673	0.0675171495521341	-1.96953975203024
282.208373810381	0.0679533368963396	-1.96604829375112
386.764278048342	0.0683690080719386	1.96273988423815
239.165883705199	0.0687474837401064	-1.95974331358446
528.868985305394	0.0696057399496249	-1.95300298890755
152.883363065402	0.0697266764332465	1.95205925865055
274.840654256884	0.0698094033447422	1.95141454910008
735.282354127563	0.0699912098851936	1.95000011150528
750.789855166546	0.0700663300264735	-1.94941665278514
680.787825856775	0.0701371799296298	-1.94886687858393
851.82586413353	0.0704699391617038	-1.94629145676961
508.855969502218	0.0705229917554971	1.94588186653059
417.472603609958	0.0713196007452504	1.93976489048647
462.14413267645	0.0716971491275597	1.93688728834663
270.846471434531	0.0720664660703806	1.93408561607994
718.748653868998	0.0727504559218246	-1.92893081399393
648.932864088658	0.0730670855632777	-1.92655934545745
498.679282174717	0.0730785792023675	1.92647343549006
270.799022706194	0.0730848278332861	1.92642673478989
411.207033553183	0.0731352419758449	-1.92605008361458
472.165452403073	0.0736357713900362	1.92232318700228
551.689011103211	0.0738166723446388	1.92098182355984
381.175515025427	0.0740514610142098	1.91924529223179
695.296199113368	0.0750869740080706	-1.91164509053597
910.877949338253	0.0757452676355362	-1.90686235040529
575.227207783692	0.0764081651763217	-1.90208374193511
439.828689027196	0.0766294545578756	-1.90049682447554
489.518368496269	0.0766345427428044	1.90046038431855
764.797250990689	0.0769162480428245	-1.89844626957951
659.285144467464	0.0775428671160276	-1.89398974289472
655.241429187791	0.0775616882852244	1.89385638666382
822.332462271446	0.077710018287996	-1.89280641778831
524.28007272439	0.0782995206923189	1.88865124430048
557.546250134634	0.0797045074779159	-1.87885990996123
587.20889508886	0.0804183532037686	1.87394416734928
388.761367350056	0.0805459736628958	1.87306945157422
665.284910494855	0.0807756946028127	-1.87149805279389
243.1607991366	0.0810773647149428	-1.86944054394048
681.754819462124	0.0810850324840154	1.86938833595293
369.229624688883	0.081172043609207	1.86879620707963
494.513157908668	0.0812716618549875	1.86811898005806
95.0131061549898	0.0813335355355229	1.86769872227855
661.282906976725	0.0813799751811562	-1.86738348298735
368.130939800816	0.0814003826845951	1.86724500461235
158.071985803965	0.0814471487376802	-1.86692778301814
325.149145756958	0.0815061186692742	1.86652801242211
480.172344815025	0.0815291040134257	1.86637225951303
233.155205594243	0.0826639413449713	-1.85873072668309
312.218810246999	0.0828493754673908	-1.85749099832085
689.765493458541	0.0834017192130403	-1.85381288918534
215.165508239342	0.0838557930172023	1.85080539988289
823.340268361336	0.0838941219069057	1.85055219910229
369.266121130271	0.0844911656955053	-1.84662137518545
563.717814524527	0.0845629671192972	1.84615031624101
390.758426943555	0.0854901237610408	1.84009940665568
716.781584475893	0.0855135281830171	1.83994741943647
452.823319470661	0.0870522200113716	1.83003549319555
355.125655579799	0.087128370143413	1.8295490058412
639.719297551109	0.0872749559538942	1.82861360059423
181.134573021497	0.0876181221232887	1.82642920688367
392.755462163336	0.0880739389259443	1.82353946344899
150.886299914491	0.0881012606970626	1.82336667361586
287.223698574619	0.0881987016560992	-1.822750819253
434.9153094979	0.088790885975446	-1.81902098040492
181.123316818498	0.088968992351564	-1.8179035045627
239.177000032697	0.0894254610782272	1.81504855858721
245.155337080441	0.091489572447173	-1.8022978104764
323.133594156617	0.0926240303619928	1.79539790473604
483.8431722046	0.0938203837389147	1.78820199766973
436.491673429041	0.0939259639702943	1.7875708447727
621.749818509128	0.093970851116651	-1.78730270158028
613.581653779251	0.0941386770731802	-1.78630115711801
900.360615741503	0.0942452428001202	-1.78566601657463
795.818834216393	0.0957224443503092	-1.77692641381998
482.17844389786	0.0961018664938787	1.77470083098457
477.658130522011	0.0963751884360676	1.77310239412395
716.278961468649	0.0964453408217665	-1.77269277414319
574.201057498977	0.0966692154095012	1.7713873224149
548.220243579573	0.0967219779146846	-1.77108004276655
444.802577668934	0.09714053371083	1.76864766211682
693.760291334374	0.098081607672592	1.76321224415617
539.20362638742	0.0985416354028372	-1.7605719075493
496.8180688493	0.0985705908723341	-1.7604060799346
751.797835815017	0.0987562515085791	-1.75934382010766
598.789537955851	0.0989476083273426	-1.75825080471287
619.739020552686	0.0991157586898442	-1.7572918750049
778.811542312844	0.0996077373527683	-1.75449439908896
532.865426980474	0.100281596824823	1.75068234415388
281.143681181171	0.100361861640961	-1.75022978214195
688.29312925389	0.100576326779349	-1.74902210659882
470.499106472408	0.100839501395402	1.74754322670335
432.628987159915	0.101799519302822	1.74217705521301
152.956841584601	0.102035721043179	-1.74086357086168
473.504351146346	0.102190595111314	1.7400037836716
482.853110963178	0.102622302051677	1.73761316381984
453.634244373358	0.103391959095459	1.73337287366529
708.268585416258	0.104161243724517	1.7291621512793
474.788446426981	0.104423601204683	-1.72773234224425
407.144265227657	0.104476221669813	1.72744594682952
666.275289043023	0.104758823205056	-1.72590999602885
213.186221594179	0.105975445011018	-1.71933867749867
627.227979103252	0.106248759518567	1.71787149713921
421.143888883095	0.107137614094548	1.71312270237201
628.25544349053	0.107657532619927	-1.71036089284654
804.824746718029	0.107717935817969	-1.71004078525381
553.542288640575	0.10795215055297	-1.70880103882247
561.883419485353	0.108196687296483	-1.70750915498148
508.720714540905	0.108760038302526	1.70454263443267
534.869242920307	0.108903871374667	-1.70378737661478
121.028917266741	0.108965050818554	1.70346639075678
78.9714035646947	0.109102058843877	-1.70274812928998
415.14372774642	0.10939414665522	1.70121948348376
729.315421836527	0.109695962522014	-1.69964365346224
474.5049483979	0.110249698479943	1.69676229216691
544.872149893134	0.110572263267076	-1.69508962567293
406.115619484627	0.112052025503014	1.68747022748763
595.572104539406	0.112472467154213	-1.68532129216829
690.26800551372	0.11257114726329	1.68481793514265
607.907289477623	0.113261358913166	-1.68130790374708
479.839794119858	0.113610942224358	1.67953719200741
251.132985318562	0.114427550092629	-1.6754192395129
215.165499326136	0.115796658935331	-1.66857194371982
88.0032925314298	0.116232807960167	1.66640535901959
461.831675447052	0.116589096305756	1.66464069831849
337.149463593462	0.116819112532194	1.66350392675646
421.461142618102	0.117206429382308	1.66159411982821
666.232621184125	0.117942649383256	1.65797890793517
516.859211786302	0.118156136360261	1.65693422581351
724.276381183702	0.118231455046942	-1.65656604862369
544.539109425397	0.118891913966441	-1.6533461999276
200.165789328977	0.118946529997057	1.65308062930716
631.257629940099	0.119202239623139	-1.65183863845608
197.118501484176	0.11942801002674	-1.65074397293479
565.881342264977	0.119479348813641	-1.65049530196149
918.377776376809	0.119533666222529	1.65023230369224
583.891249439978	0.119670234526022	-1.64957151176152
652.276768095013	0.119680437890328	-1.64952216843776
269.140337617011	0.120124553385343	1.64737793971635
628.727726018143	0.120126583679907	1.64736815298216
456.811730926851	0.120737983464087	1.64442745686127
552.199260830737	0.121119347640885	1.64259967252029
425.910309108489	0.12134713365603	1.64151031393183
626.748559221424	0.121674283227269	-1.63994883816336
755.294131980409	0.1217629873144	1.63952607902685
239.165872517251	0.121984308556021	1.63847242817975
407.901688264893	0.123095922103115	1.63320508433256
181.159733959339	0.123353247773757	-1.63199158915821
547.687825319991	0.123369687321232	1.6319141376042
565.883478023954	0.123761433465024	-1.6300711254722
506.865527904404	0.123850836222485	-1.62965122331534
165.091839547868	0.12455435805351	-1.62635601601473
440.626521436105	0.125151002077614	1.62357391351669
96.0084049066584	0.125183931412539	-1.62342069850314
389.153102334554	0.125226436508534	1.62322298011498
620.25574752875	0.125698598681478	-1.62103051621935
492.497145699548	0.12591942866037	1.62000752635719
258.874455199081	0.126131317771591	-1.61902740048184
487.510492431863	0.126478304515539	1.61742540472468
825.312724677443	0.126738957313137	-1.61622447882717
524.872975998733	0.126863840090953	-1.61564984666825
513.525615560991	0.127775857989726	1.61146794488812
471.846904503238	0.12827292325841	-1.60919948924851
98.0240405060596	0.128607598178674	-1.60767636913241
442.495459064861	0.128726642360204	1.60713541165586
583.206955761018	0.12895368447529	1.60610487832209
424.63166088077	0.129437652214256	1.60391334177509
752.298213318925	0.129903986531527	-1.60180827258699
888.855749263094	0.13014076906647	-1.60074188942492
83.024276895359	0.130144829060486	1.60072361913992
93.0006283976504	0.130236217674257	-1.60031249217209
271.228791633797	0.13026546085225	-1.60018098890558
313.149005279355	0.130710740803476	1.59818172476439
463.499447693917	0.131201015533699	1.59598715579241
199.170430190303	0.131311751696666	-1.59549244788521
143.070936446963	0.131411985789224	1.59504496440834
649.736993603708	0.132302573660101	1.59108177838648
865.35088414066	0.132670901488669	1.58944934026112
681.262708167612	0.13299161258772	1.58803108495165
418.488017546931	0.133127169238485	1.58743249996737
513.176868444604	0.13335130862588	1.58644389395067
403.785430009828	0.133537548645733	1.58562352626064
484.84583380114	0.13356707570615	1.58549355220974
521.174291451131	0.134163758645096	1.5828722668309
410.14553815849	0.134939690605358	1.57947833105942
405.799620783443	0.13568821897994	1.57621996070821
440.824895689293	0.135708828366461	1.57613046381067
438.485915322912	0.136128620546119	1.57431001372218
671.249600984998	0.136230036750322	-1.57387093309534
257.176663719788	0.136400837543898	-1.57313208005526
729.816040921345	0.137045786164814	-1.57034922051213
253.128936534408	0.137383052372986	-1.56889839315281
398.647699645196	0.137489103304407	1.56844281599668
572.223777817422	0.137669218610129	-1.56766975384729
429.478665427493	0.138729364568105	1.56313688271838
537.872347796172	0.139069289122209	-1.5616896871699
435.147628174564	0.139338821806265	1.56054430862586
575.209084771412	0.140018558364156	1.55766408764238
675.29924643034	0.140236477768507	-1.5567432142361
769.804185738761	0.140368743560799	-1.55618488272489
227.202086032133	0.140543043326605	-1.55544979394568
451.144933374223	0.141308371054768	1.55223122116243
805.325268956322	0.142212246630837	-1.54844893155982
632.731803382908	0.14332839978081	1.54380630817923
411.499868363645	0.143427631407376	-1.54339503600581
335.190933911081	0.143754282842304	1.54204290264601
641.263314813596	0.146074301190074	-1.53251338392806
532.532796001577	0.146557725845282	1.53054379175439
743.294463014164	0.147778061524829	1.52559607270477
595.236313558281	0.148444308821422	-1.52290934009552
919.882276671834	0.148766909692567	-1.52161205113999
165.01913887808	0.149046035611114	-1.52049149715287
493.195926446848	0.150104341414372	-1.51625887292194
176.071542738997	0.150416039803095	1.51501703488789
668.782025179955	0.150855814602869	-1.51326859680921
432.152460864117	0.150897496167599	1.51310310305249
223.134318421813	0.151368500888321	-1.51123567240093
116.927921411977	0.151743837364534	1.50975103229315
378.123112443111	0.152419494333628	1.50708622060131
418.81617510523	0.152490314077126	1.50680747905891
477.846561568769	0.152821907173842	1.50550379321654
534.190486688942	0.152823495174671	1.50549755556426
813.829849939237	0.154523742788139	-1.49884992883364
494.661087523956	0.155328815433866	1.49572358706841
654.749471445535	0.155839770924975	1.4937464123221
460.150601612415	0.15681441383874	1.48998994169759
526.863600336132	0.157607669534686	1.48694693719621
199.170434498033	0.158058673978703	-1.48522253541794
675.23829074413	0.158246167180873	1.48450686839458
577.896334204063	0.160353781588203	-1.47651028365109
305.180258761703	0.162042553299172	-1.47016574738473
641.776504905033	0.162515629671612	-1.46839830965968
185.154694475584	0.163223785790454	-1.46576057313889
162.055799760505	0.164264973150225	-1.46189956539637
452.661163625778	0.164609009452521	1.46062824780355
199.098981380399	0.165109513512076	-1.45878266370202
482.17103349075	0.165388974160198	1.45775418324695
874.8520843058	0.167220380480431	-1.45104958379407
719.635111620904	0.167281584574036	-1.45082657334175
857.851390099783	0.16765888540497	-1.44945328437189
486.663564559386	0.16771191999716	1.44926045553191
111.019346086006	0.167747262137151	1.44913198280256
747.318120257693	0.168157844664074	-1.44764110644987
525.677097390599	0.168264316806193	1.44725498433892
80.9644432673684	0.170295108508128	1.43992867017493
261.150398673953	0.170369456620818	-1.43966182257651
370.114010641353	0.171442117300945	1.43582251863767
183.175424149808	0.171559006412655	1.43540534304065
794.347945521732	0.171674364798176	-1.43499386024915
562.72780214469	0.172899815664069	1.43063668985312
441.487272503843	0.173771266088147	1.42755363779147
539.690365992066	0.173971130099306	1.42684834513001
283.192446992704	0.174206201389709	-1.42601966331574
311.133203517037	0.1744142695592	-1.42528694082221
315.219021455774	0.174745375505764	1.42412241524815
504.518480947298	0.174767762969683	-1.42404374227833
341.180416577709	0.175106255154523	1.42285523735117
79.9566080138966	0.175681714279445	1.4208390265037
424.820088303247	0.176176721101771	1.41910902856817
498.188249528844	0.176261297070317	1.41881384361323
467.139854746281	0.17678588722646	1.41698552479079
493.181446843711	0.176948550978355	1.41641950816128
772.802369907355	0.177664394940307	-1.41393366666755
623.260348551237	0.178152612784184	1.41224298731457
130.956742072672	0.178382615157599	1.41144781382793
211.170595586366	0.178489525719478	-1.41107848434297
447.922301146476	0.178526815653979	-1.410949706481
332.799534782157	0.179266731867659	1.40839900928736
795.311706801662	0.179303854416263	-1.40827126484312
628.680576206505	0.179401630183261	1.40793490687988
500.5288675448	0.179828231189141	1.40646911231331
209.118485138171	0.180126664398644	-1.40544539139699
628.235871136761	0.180166920027365	1.40530740803307
720.80534022859	0.180625515722322	-1.40373726705945
330.802444714973	0.180737941981559	1.40335283954292
521.706674310674	0.181290411864456	-1.40146657448572
516.181143133244	0.181487744519325	1.40079397230461
108.901323267347	0.182628410733788	1.39691771538179
334.796621910105	0.183162343001478	1.39511007536361
429.491871095581	0.18367741503588	1.39337035780827
546.680145938626	0.183963911984563	1.39240440189172
610.728020080825	0.184029649211127	1.39218293469022
328.805418339539	0.185295262385228	1.38793163515111
521.196021302819	0.186605227499934	-1.3835561930525
831.337980734339	0.186804387454345	-1.38289316575136
455.665491648456	0.186986961069472	1.38228586139943
601.722613061225	0.18718531101728	1.38162662579234
548.69575492557	0.187510160189624	1.380548183602
530.529916976875	0.188013572298665	-1.37887994083773
411.468604857119	0.188138892815984	1.37846520927455
481.155759103898	0.188494155243812	1.37729073447019
317.213346251654	0.188502872776811	-1.37726193747898
445.82369738631	0.190108005677298	1.37197797058142
323.2239853601	0.190303146918659	-1.37133805252797
588.66163803155	0.190373258249413	1.37110826949979
654.934270198208	0.190618450887013	-1.37030521392461
589.241134260121	0.190779385690475	1.36977857502665
592.717295292607	0.191841134929182	1.36631312968684
696.766898470386	0.191896913102137	-1.36613150523195
613.205636508268	0.192637283674871	1.36372475690506
915.369741365978	0.192893209910704	-1.3628945501737
812.324326426756	0.193151519508354	1.36205751537476
707.776200291976	0.194155931852901	1.35881136616303
94.9799568789311	0.194258706365101	-1.35847997667086
649.773735519034	0.19470847989451	1.35703137705996
423.171002114632	0.195869516776229	-1.35330444553829
748.824206882035	0.196039597427054	-1.3527599850172
169.159604107833	0.196603956832786	1.35095608977848
498.166909999936	0.197933026654203	1.34672434557596
377.235110230227	0.198282913406221	-1.34561411890567
215.129026090316	0.198643177963101	1.3444726100494
476.785446479079	0.199887125806113	-1.34054389329922
359.79191134134	0.200416996230445	1.33887639378559
512.16901108609	0.200978179187944	1.33711421416197
392.139569094397	0.201957573874761	1.33404824952337
135.044632591081	0.202179168137402	-1.33335621250211
606.25814599128	0.202817800895883	-1.33136516762565
207.139160059023	0.203077129646998	1.33055810258463
436.155698292144	0.205020091364413	1.32453749400466
707.960282562149	0.205154789419341	-1.3241218053295
569.244608930376	0.205314789144593	1.32362831758076
720.771632162284	0.205831174091777	1.32203772670214
638.770696417661	0.208006957071577	-1.31537063851141
663.754904907597	0.208485702790462	1.31391113909553
459.142492496468	0.208520880309785	1.31380400283367
436.659769781854	0.209007163250055	1.31232446103236
470.84710227007	0.209566928671125	1.31062474177403
548.54003901955	0.211128662333592	-1.30590162490659
72.9923090498281	0.213309870917411	1.29935139067345
171.066153565337	0.214971381456338	1.29439746599208
756.330360826942	0.215021193991173	-1.29424941614478
476.837804346957	0.215776849875993	1.29200683227695
191.071273910612	0.216190173912254	-1.29078283224148
596.746858118581	0.216580017880976	1.28963006437011
468.147651636244	0.216845335795957	1.28884646011055
255.160897958726	0.218697056608246	1.28339853278668
238.901636252633	0.218939997696656	-1.28268649085014
150.920647800551	0.219112316159552	1.28218181727165
449.1750124305	0.221036380347947	1.27656796237823
745.772698132609	0.221066798103814	1.27647952279603
179.071235228987	0.22202353839254	-1.27370269168601
798.799242302881	0.2223693779817	-1.27270125429275
465.501925796018	0.223425793714437	1.2696498086104
161.060519579015	0.223705677913526	-1.26884327176985
794.307302328638	0.223923730028431	-1.26821546593149
299.133237377269	0.224050846746439	1.26784969932519
441.634354689952	0.224420925229131	1.26678576225089
711.766000098804	0.225921170344336	1.26248680604537
471.502438742681	0.225921692802821	1.26248531285553
221.082361167951	0.226228744140086	-1.26160822728829
861.84313358958	0.227506425447401	-1.25796857113701
570.721543693661	0.227579436775168	1.25776107335862
78.9582616291039	0.229369080915283	-1.25269117122899
474.821325159247	0.229515725787606	1.25227711606771
446.493381499225	0.230312928402054	1.25002981555146
283.265232057762	0.232601234492291	-1.24361276885302
191.107643120382	0.233120781054831	-1.24216269669017
932.877714318396	0.233321476464056	-1.24160322493562
238.911027757369	0.234406370172709	-1.23858539268701
552.725371731887	0.234424755161618	1.2385343454664
78.9583495052711	0.234825997885175	1.23742104384184
495.522249010387	0.235223209757228	1.23632038685352
464.843272000596	0.23618339325115	1.23366573198164
426.815996150141	0.236263545486201	1.23344451267485
358.87090619058	0.238698753448462	-1.22675104878346
876.366920321807	0.238881976711974	1.22624958944788
543.72010375908	0.23898962633724	1.22595510517158
177.091854395043	0.23913006563929	-1.22557107699023
172.076620442367	0.239532059509223	1.22447280137759
591.240199802109	0.241653525653036	1.2187003917505
529.558548734932	0.243064658043892	-1.21488249230819
644.736261453876	0.243462039555822	-1.21381045234699
530.873511302986	0.243591331711773	1.21346194516611
456.674543057591	0.245504204447554	1.20832243623482
195.175473274724	0.245651115290956	-1.2079289975083
475.171460096272	0.24654723597909	1.20553304298401
281.176732754745	0.248327104122418	-1.20079407440393
352.468477535977	0.248742524469595	1.19969177230819
265.148925294805	0.248890990786392	1.19929816657307
211.134278002278	0.249447631166502	-1.19782404009941
551.21495239506	0.249996721604443	1.19637238676127
712.662848425416	0.25037242747071	-1.19538053050319
215.165441349335	0.250886190101461	-1.19402605841238
556.693708249536	0.25101752594473	1.1936801499083
486.176651853102	0.251392189005078	1.19269413719864
416.83008276576	0.25201357382159	-1.19106130551551
429.15230645214	0.252303820127599	1.19029967592035
341.144102426728	0.25337461286237	1.18749563459594
567.228288142518	0.253972584145608	-1.18593370560624
468.67959630948	0.254173092653085	1.18541059928997
165.040571074741	0.254548860394422	1.18443111067825
557.194338116577	0.254987830258022	1.18328827948363
572.736613934578	0.255912201659978	-1.18088665346303
376.117432866709	0.255987202802672	1.18069208307344
659.784293142657	0.25617253462022	-1.18021147629689
510.717232783888	0.256480038455423	1.17941463676725
96.9865011145196	0.257352452500868	-1.17715790657625
719.259382737132	0.25796775538813	1.17556977663096
394.808543007449	0.258197829254661	1.17497668691236
490.693182293792	0.258296491608204	1.17472247647711
79.9565704072525	0.259215591644921	1.17235790600525
439.415975028978	0.25981276483246	-1.17082498416774
808.320444490298	0.261379925747577	-1.16681487453975
441.743627151765	0.261771036189445	1.16581694357536
765.297261751133	0.261852551171873	-1.16560909842031
855.329968294227	0.262811884269599	1.16316670331112
163.039759718931	0.26288983874546	-1.16296853477817
76.969281579931	0.262942907673323	-1.16283365350821
393.79289107569	0.263088209191116	1.16246445755722
315.218984962962	0.263510247793812	-1.16139297996508
388.124367744443	0.263640586976548	1.16106233663565
614.68509186671	0.265955805237543	-1.15520969427094
942.381590095482	0.26668117244379	-1.15338399210094
528.658450990097	0.266869244932389	1.15291124041489
481.68841012276	0.2678150444124	1.15053763365627
273.15060810888	0.268037509822991	-1.14998025008263
596.744912261333	0.269809433211449	-1.14555317325001
339.185621312342	0.270804158765493	-1.14307751616718
155.143830069887	0.271457879507966	1.14145428283866
488.522859303661	0.271694117337854	1.14086841372925
313.149240238388	0.271919529632333	1.14030975006635
883.361827993465	0.273573606121638	-1.13622091772356
613.247701797424	0.27388458599726	-1.1354542649975
772.662194189921	0.274250356463747	-1.13455337627871
692.789574372291	0.274672092348523	-1.13351576694624
398.399381779727	0.275409842570319	1.13170353626186
618.222694774014	0.275761575593525	-1.13084081383946
672.25769035446	0.276079582647148	1.13006152520786
499.518850137158	0.276898827973346	-1.1280570341083
474.837222474051	0.277854082155829	1.125725377021
703.767203084577	0.279145412208534	1.12258293788745
126.904520508457	0.280260548632794	1.11987801554523
759.795206264819	0.280502979823641	-1.11929103062488
799.300674814117	0.282299463830998	-1.1149530859374
835.829885794506	0.283580308789529	-1.11187282463447
442.152208171763	0.283678433702611	1.11163727581965
254.073072947611	0.284254424837337	1.11025583330495
321.175245576892	0.284431913177702	1.1098305704923
400.812045477111	0.284662724048443	-1.10927784245581
527.198656622842	0.284701861237714	1.10918415286409
555.54735965931	0.285374901441167	-1.10757447734016
441.17289848045	0.285468620137065	-1.10735055954854
761.302365700402	0.286603416550765	1.10464357603789
480.490950519488	0.287021250388456	1.10364886927541
508.694854924872	0.288354601966444	-1.10048183732621
620.711891439692	0.288544219597342	1.10003233386054
335.154607788573	0.288756379583736	1.09952965191096
555.22929116333	0.288916833295342	-1.09914966247004
630.923075555135	0.289189184262851	-1.09850503432701
639.730183209605	0.289288266600615	-1.09827062788374
273.208054145992	0.289472337829785	-1.09783531500235
538.225679636845	0.289474200527599	-1.09783091092946
515.69590121491	0.291130416542431	1.09392332234064
840.842109373378	0.29206156503752	-1.09173364814449
526.52966363456	0.294054560092848	1.08706425383737
249.153646121878	0.294206007513424	-1.08671038459711
494.18049434467	0.295051792173209	1.08473660923399
577.728849477007	0.296616463372439	1.08109617386822
243.197253039595	0.297417721948906	-1.07923740690664
256.877374763846	0.298547576827944	-1.07662261410087
215.165466190168	0.299089018087905	1.07537215080306
157.123097571269	0.299297657750613	1.0748907399321
524.701420784694	0.299506469553985	1.07440917877791
314.19835216793	0.300229266027354	-1.07274417017611
285.171812626027	0.301199160627404	-1.07051457363238
455.151909405817	0.302815840989935	1.06680982140351
564.217141523701	0.303085875160487	1.06619243018981
337.206172082696	0.303814616795249	1.0645282834144
873.847004422891	0.30448912493332	-1.06299058502583
623.726879296432	0.306331016321389	1.05880421191218
494.850064745322	0.310293909403559	1.04985896639953
554.546457703362	0.310444622657055	-1.04952041480468
71.0130577404383	0.310880158349392	1.04854272944057
566.203762179412	0.311461163564668	1.04724004448287
819.323544244487	0.312024362717948	-1.04597896684702
402.6410522093	0.312541825566235	1.04482175488187
475.688035393392	0.313234126197734	1.04327572219333
584.214447499434	0.313747570391875	1.04213070809648
927.37765045393	0.313871223088597	1.0418551574932
516.52592008134	0.314057885109041	-1.04143934440525
476.178421083123	0.314321776602054	1.04085179840963
825.829686465474	0.314899293183037	-1.03956722170998
526.295886476312	0.31503762727372	1.03925977691426
550.214071378152	0.3151895336965	1.03892228044138
389.237054277244	0.318941139840721	1.03062425612689
500.852739970104	0.319409001711388	1.02959436184598
429.144404223087	0.319770063303705	1.02880030792103
629.756104169612	0.321522229836693	-1.02495605240335
227.20203707733	0.322969662286447	-1.02179173550314
189.104299790505	0.323003592758334	1.02171768047377
423.15108274077	0.323672514379657	1.02025886344843
307.193092068772	0.325144709468756	-1.01705583263336
301.239442788582	0.325432696578143	-1.01643048045786
570.233500040657	0.325812628708225	1.01560607980625
337.206556028619	0.326369999700558	1.01439790626846
143.107289424076	0.326386159779817	1.01436289925749
566.55812565704	0.32647738599725	1.014165302383
842.334883111177	0.326817122239895	1.01342977783269
251.165962870988	0.329485300296384	1.00767213071078
767.793731940432	0.329594722401969	1.00743672135643
536.214093050484	0.329740320627985	1.007123569608
487.84296500684	0.330109531451605	1.00632991531797
312.255410739907	0.330652239362592	1.00516446072286
914.869225289932	0.331425661380877	-1.00350590600474
426.409543515035	0.332415964075757	1.00138628422084
936.388062015626	0.333285596263884	0.99952864542174
213.149914166597	0.333711931231525	-0.998619201579639
421.408998990185	0.334057201370079	-0.99788328754496
835.330075004489	0.335466354477458	-0.994885386115722
770.307343277377	0.336528675230356	0.99263125432476
683.950013124695	0.336600032167928	-0.992480023378944
149.023978285799	0.336739061107086	-0.992185436426622
163.076161718226	0.337934514982834	0.989655949871015
501.518979535612	0.338124367881335	0.989254819173742
221.082110119208	0.339082277459572	0.987233326100342
512.189489077557	0.339475852467235	0.986403928119173
285.208105113859	0.339685448416482	-0.985962514564606
450.762042352967	0.341409298312392	0.98233932474772
209.154851307071	0.341520145394774	-0.982106788298496
177.055484724208	0.343190760014505	-0.978608575452397
253.145209338354	0.343408664740128	0.978153174769692
734.2897500114	0.343856208343671	0.977218487430011
786.297955157329	0.345039882517587	0.974750520412528
639.761545579188	0.345274803191563	-0.974261417449421
719.776193579696	0.345340490982059	0.974124697816902
434.866019006835	0.345530102011912	-0.973730152314955
866.855972914864	0.345611474095441	-0.973560878676546
605.724860554015	0.345639421100543	0.973502748594609
692.745882564247	0.346354554164085	0.972016384990883
894.378018869296	0.346861738147917	0.970963536479468
576.807539054593	0.348622572889039	-0.967316626134053
115.039439446889	0.348719182778695	-0.967116908585415
519.70916823277	0.349029172922466	-0.966476340398242
456.848198005371	0.349063106719657	-0.966406243280215
482.505293787801	0.349312168978129	0.965891900692299
627.217128017311	0.349384630471212	0.965742307443487
422.144542282587	0.349405323419674	0.96569959183546
387.142468849913	0.350027342916958	0.964416407400152
814.329179772023	0.350181692433438	-0.964098241619964
436.150050724603	0.351083628233778	0.962241007930641
542.879053495524	0.352205037652249	-0.959936481973473
412.903171180612	0.35233304347762	0.959673752297828
225.149869956145	0.352961782757385	-0.958384241458937
447.154413878888	0.353222028697333	0.957850959331534
263.13316690223	0.353364234148598	0.957559675142016
225.14992530048	0.353767897347727	-0.956733282867654
465.1643996534	0.353828917343256	0.956608417914028
661.773879624603	0.354023258228282	-0.956210838882169
482.518892996065	0.354948525408046	0.954320024415323
428.147653660652	0.355430063480268	0.953337341342481
668.276841582353	0.35639113053147	-0.951378837911319
335.154498852084	0.356744014284525	-0.95066063709103
513.709334900353	0.359832560828372	0.944395652325357
485.281025586451	0.360249205316875	-0.943553361077275
207.102777773994	0.361532818653321	-0.94096262638522
465.83185248751	0.362339357488371	0.939338026850642
336.88873745499	0.362435183332434	-0.939145172196269
565.232569166265	0.362774720419664	-0.938462118625969
546.222768586364	0.364525166130754	-0.934947687743856
174.055835429697	0.364766760966341	0.934463542997672
449.495364086281	0.366857201119994	0.93028358201895
844.834615541462	0.368678818487997	-0.926654467745427
576.727887785815	0.369850643763189	0.924326394477953
243.161002485236	0.371141435991475	0.92176780621038
401.140415608334	0.371254305526533	0.921544367518898
291.16130765437	0.372532324824734	0.919017608502269
448.764824119042	0.3729439994645	0.918204951416432
474.487408624206	0.373868883791982	0.916381433738462
760.802904305083	0.374487865603649	0.915162755929228
221.15497466249	0.375302942536102	0.913560088964841
733.271049116199	0.375469939259854	0.913232019718137
587.216087901462	0.375846342469739	-0.912492930133017
724.809798325421	0.376940906168557	-0.91034654693123
151.039777863057	0.377529090942339	0.90919489597786
417.232531864291	0.378680441877101	-0.906944100952026
480.824532166421	0.37971608618787	0.904923464366592
542.731120276763	0.379926101459648	0.904514160970285
489.703738377647	0.38067886938065	0.903048332446396
94.9799721571527	0.38298959295149	-0.898560981305286
605.250038891379	0.383191204824138	-0.898170325906016
381.388306982937	0.384057498091638	0.896493319831283
293.143934249399	0.384175175291501	-0.896265712350078
456.182589392304	0.384263251829468	-0.896095388275742
349.169566154837	0.385381274280267	-0.893935618066992
151.123689714666	0.385792828917277	0.89314164877695
269.140552705369	0.385870831750373	-0.892991230342908
284.224121333287	0.386860891854389	-0.891083801658126
676.287441674056	0.387944809522873	0.888999307654138
517.206677936978	0.388795803762465	0.887365489859283
227.165692749405	0.389408057796093	0.886191510880705
78.9181990896483	0.389727695747875	0.885579106135628
571.563117671511	0.38994803291309	0.885157150933379
134.04671519178	0.390732877798587	0.88365543516547
205.134839578216	0.390772493118915	-0.883579689096483
731.266253414383	0.390857726207206	0.88341673746148
553.221209660168	0.391800843942926	-0.881615236400194
617.753085214349	0.393544820155707	0.878291591260867
756.793354448999	0.393825438161357	-0.877757712344299
619.23069048487	0.395508758685282	0.874560487864518
773.797999385884	0.396045773082581	-0.873542413790461
590.231132182407	0.396520211544087	-0.872643735371683
325.185545572011	0.396523490967892	0.872637525996821
482.181347021757	0.396727485075945	-0.872251343582303
438.152768127803	0.397313498517443	0.871142691945035
328.250159457353	0.397912217037982	0.870011125645124
542.548447174621	0.401530100572665	-0.863197312621718
453.157285904249	0.402196536476847	0.861946605209277
825.813355544263	0.402380677187948	-0.861601267900637
336.84107526393	0.403154221664265	0.860151702543592
452.758941523699	0.403494083625072	0.859515406845021
861.345966197692	0.407194543920038	-0.852610085485629
112.984956333741	0.407361021223886	0.852300399317447
115.075782750462	0.408150527491599	0.850832866360407
530.532513809282	0.408157130979582	0.850820599670499
135.044624430597	0.408334898987142	-0.850490425394177
277.21812345824	0.408481144787983	-0.850218869044887
309.208352553245	0.408787459394896	-0.849650295755174
323.190922096576	0.409022721321889	0.849213798320353
395.470636721517	0.409290619838407	0.848716948415192
591.237760249241	0.409782697051359	0.847804887298999
201.186087513036	0.410175651743712	0.847077064119214
436.677228797792	0.410354685795752	0.846745612076506
470.699359020069	0.410994389132532	0.845562079537882
612.758135289068	0.41127276620897	-0.84504742291112
530.864204108226	0.412005337460133	-0.843694150915001
422.817020107741	0.412284587201829	0.843178709487124
535.723712411398	0.413177765071783	-0.84153160390055
335.224166830755	0.41451110588251	-0.839077112629556
444.46808802213	0.416013959101004	0.836316731722517
315.162266361959	0.4160775759669	-0.83620002607328
101.0600700346	0.416082981070201	0.836190110902981
475.843320490042	0.417297368703507	0.833964546602025
801.310909923902	0.418881294766206	-0.831068053797004
405.49520905177	0.41909439685743	-0.830678900908411
453.158304407583	0.419658341732281	-0.829649680514971
648.665928680559	0.42131821638139	0.82662553413578
595.758542489382	0.422156253768553	0.825101629507624
777.307886289185	0.423831391157578	-0.822061368210314
251.133023073153	0.424452483426064	0.820936096752787
522.861238754758	0.427675458488876	0.815113780160475
221.154973211686	0.427762281402385	0.814957324746197
155.143816457277	0.42778973775298	-0.814907852476699
581.742501143052	0.428013203507389	-0.814505276076551
678.239542633996	0.428449370467283	0.813719903869738
387.819690346805	0.428861990170562	0.812977403001077
432.148569777722	0.42906173896327	0.81261812348598
604.738385539188	0.429906346450687	-0.811100147343758
577.223559749813	0.429922875214202	-0.811070459971862
453.494520737544	0.43190218900088	-0.807520670278486
371.63574352195	0.432092810886576	0.807179349548443
434.662518497074	0.432302341393448	0.806804282573441
652.733678700065	0.433430703639264	-0.804786465391454
517.526551102688	0.433769643152655	0.80418100383513
500.862340048417	0.433998154664542	-0.803772974401902
512.762292613385	0.434819731492646	0.802307098235678
504.171551004483	0.435684122858718	0.800766732181148
741.783746737765	0.440734978892739	0.791804524020452
501.853286604843	0.441122194965028	0.791120138243907
787.316269841335	0.443135734769806	-0.787567399304159
535.879769130286	0.443690557154946	-0.786590245361472
107.04960685171	0.44456879977168	0.785045053821154
695.797048968931	0.444698644479788	-0.784816766269271
315.255186222587	0.445017292180076	-0.784256710665728
314.906826562512	0.44644679477619	-0.781747309371446
384.147740386251	0.446822870321831	0.781087970452707
341.234500641677	0.447509239386322	-0.779885518424347
371.245290860588	0.447612506400303	0.779704704655206
320.151516795821	0.447679515528639	-0.77958739004242
472.682873578711	0.447726337246658	0.779505424576833
214.181585971106	0.449242934190098	0.776853386194846
298.867175427395	0.45306194783444	-0.770199834072166
74.0239706527339	0.453382063731973	0.7696437121261
494.179428572311	0.453827428926373	-0.768870406573427
235.13456697959	0.454001157114501	-0.768568883195549
514.806807383747	0.454065073969118	0.768457966873142
454.16728537774	0.45437279122967	0.7679241140539
465.510906765435	0.455576563206642	-0.765837866629238
605.750144562502	0.458533220789668	-0.760728163758147
598.741597094594	0.459106411118054	-0.759739934657381
446.820106513514	0.459498817122307	0.759063832345514
108.021007277949	0.459885883858527	0.758397278349971
567.883830212789	0.460090703914191	0.758044704932734
93.0006907132898	0.46027056184273	0.757735180648916
390.805955665263	0.460329535339967	0.757633707168694
366.471916642215	0.460551409073832	0.757252009135683
444.49166875093	0.461155845273415	-0.756212748359779
520.196627341764	0.461684890810117	0.755303801575907
501.195736198307	0.461845720863069	-0.755027608453678
560.736014339598	0.462608729261877	0.75371810105275
550.541061157889	0.462937036583038	-0.753155054633315
198.092464699668	0.464961993443742	-0.749687664365581
270.208505152029	0.465806302740158	-0.748244664744957
902.872409221031	0.468756160613006	-0.743215614555097
121.028919375916	0.469511275443909	-0.741931367806745
225.056077584763	0.469658986169269	-0.741680298885638
441.151624234302	0.469791089847668	0.74145579852575
535.208572200659	0.471857660431584	-0.737948804532445
377.461365935739	0.471959938109648	0.737775480811406
492.162865412093	0.473642081477311	0.734928119353559
424.503029692087	0.473906130695007	-0.734481720658714
171.175226352566	0.475387987359195	-0.731979299346717
483.18740911263	0.476358174397157	0.730343491816565
701.62608068767	0.476646270444708	-0.729858127939783
488.508858736524	0.477785694721176	0.727940238556063
269.176936550363	0.478527929207787	0.726692384968771
511.526759923477	0.479484202045579	0.725086403780646
782.313898358521	0.480198528172505	0.723888008332561
418.143930117948	0.480657893251801	-0.723117916193373
314.835817071261	0.480666858011093	-0.723102891823555
150.00158444584	0.48202892383364	-0.720822105804775
147.081188998074	0.483154377159457	-0.71894044094524
412.484379068019	0.483452493579705	0.718442454532045
410.821339781005	0.483662710727906	-0.718091409226239
526.71717737099	0.484468240182677	0.716747085091059
75.0079758802056	0.484990394084771	-0.715876391083251
552.210490649751	0.485464898016266	-0.715085638720452
138.91420188538	0.486247362494643	-0.713782681686732
518.70241651161	0.486812044285753	0.712843151580339
785.325504600954	0.489293000919579	-0.70872294327193
399.146985767227	0.490168638792819	0.707271704524214
888.366056617416	0.490457173604478	-0.70679383793548
355.159690379677	0.492032560160531	0.704187639620835
572.556009673278	0.492218032852073	-0.703881132822828
287.187424724136	0.492876990998394	0.702792709278374
482.505204721623	0.493077583721558	0.702461554112236
491.179070650172	0.493392984112516	0.701941025670911
392.802940825707	0.493412045584176	0.701909573416793
802.303701607679	0.493815886527597	0.701243386758177
411.405479497261	0.494076601223763	0.700813475583534
503.522348759043	0.495267258899531	0.698851811984565
370.144066845371	0.495496119081028	0.69847507251297
599.322524959841	0.496143124488551	-0.697410554345833
645.744322321356	0.497536416971972	0.695120936393407
540.714998068808	0.498237785907346	-0.693969790330035
769.80755872759	0.498272085663684	0.693913519041787
980.404470028836	0.498925153086346	-0.692842546326263
799.316534017068	0.49928889191318	-0.692246402823831
313.149042329663	0.499712429262807	0.691552573762988
237.117221906882	0.499964626791124	-0.691139593017077
209.129790871273	0.499990670504357	-0.691096952623841
542.71148525899	0.502793330502131	0.686515820279522
384.481731871032	0.503349023843448	0.68560927284052
572.765957255234	0.503721775177212	0.685001499845391
219.175787289226	0.505855274990356	-0.68152783648589
430.159852506402	0.507197357477866	0.679347074425682
830.335147277987	0.50745541243055	-0.678928141765895
371.245293702502	0.508565761237477	-0.677126978836563
495.193138845258	0.508928892655043	-0.676538414948335
512.854343613581	0.509963283425378	-0.674863200474778
177.091867614056	0.510076873596522	0.674679358620465
394.644351038101	0.510963131291938	0.673245789870149
534.715666157545	0.511666638548466	0.67210884857596
335.154534639316	0.51195918245866	0.671636331747813
530.702674898938	0.513092432487966	0.669807369895087
671.938447533842	0.514387448230698	0.667720169104719
113.023743683885	0.515794886563647	0.665455185429052
169.159566421797	0.515839901675165	-0.665382801216607
712.772288502941	0.516388018019203	0.664501720650058
473.76589618084	0.517644705267575	0.662483647420551
485.846428559816	0.520259596235369	0.658293408499474
479.690311860953	0.521067299271513	-0.657001523985864
281.2495736029	0.521101475738892	-0.656946885342055
185.191100786496	0.521824099387998	-0.655792087004824
517.856081740234	0.52395877652274	-0.65238601750954
209.191353832479	0.524106508339895	-0.652150588664431
755.790081224599	0.526576289676973	0.648220219551489
394.895512122932	0.526640669731095	0.648117905245816
561.720687710352	0.528368701944655	0.645374298639784
601.574151912054	0.529035577178464	-0.644316844656648
551.877361886215	0.529489328764134	-0.643597764871154
566.712396489678	0.531017847734408	0.641177990563862
225.113631724439	0.531893083455086	-0.639794172051126
678.79009286382	0.532378527683335	-0.63902719358168
309.175292153926	0.532970998093153	-0.638091647347788
201.113372307446	0.533887493565504	0.636645587119576
211.134225191203	0.534656989572982	0.63543253159363
197.191190522336	0.534745630138314	-0.635292858450922
250.145772536614	0.534766809926547	0.635259486837036
597.307298391062	0.535401673104093	0.634259514995408
542.209465861463	0.535602397484609	0.633943491432489
117.045198788333	0.53623721760935	-0.632944453293804
377.799504481924	0.536493838321244	0.632540786718952
394.127818964307	0.537273593118185	0.631314881951539
332.847059049177	0.538413098703954	0.629525159041444
250.158201773681	0.53898792092754	0.628623130160216
98.0001901546456	0.539101887567456	0.628444353304391
87.044397093064	0.539443506800948	0.627908588026894
736.97715946212	0.539712826224253	-0.627486343343728
536.870156469066	0.541038283459673	-0.625409954335047
483.186679368488	0.544062356435079	-0.620683056849567
156.924975918943	0.544810813521992	0.619515377831082
725.284441750468	0.544979165252813	-0.619252850805075
509.209438332613	0.545182627722367	0.618935631444856
379.216991446126	0.545293049487292	0.618763499425317
759.29753286632	0.546301950998985	0.617191645285214
508.187962810095	0.547024072601569	0.616067563344901
734.782194160959	0.547172935531159	0.615835938316473
428.830865471672	0.547190115979551	0.615809208407449
76.0032656983542	0.547345550934836	0.615567398365052
445.161190929538	0.548282167928205	0.614111095462425
544.871913275816	0.548478317885244	0.613806282473314
269.140472370222	0.548726621894935	-0.613420508222246
526.531502318942	0.54908976903856	0.612856480392194
341.270971981655	0.549818632750137	0.611725045530583
349.792950903701	0.549854216585644	-0.611669828645726
327.164693506139	0.55210778143168	0.608176820118468
586.734417213874	0.552371595360198	0.607768415812234
610.642929514313	0.553163107535479	-0.606543726396938
354.829167882356	0.554615620436489	-0.604298744045797
498.850889670839	0.554725949668647	0.604128350458523
300.218959646416	0.556602908231351	0.601232346871046
135.044590315112	0.557762939420766	-0.599445130754926
477.503123000435	0.557879872954099	0.599265086366929
143.10731541577	0.558237381886745	-0.598714749701681
905.37019909833	0.559424640883234	-0.596888477898039
135.044610382921	0.561670999615779	-0.593438730481654
746.289652071308	0.562351488649564	0.592395151519382
857.344153830368	0.567484863255045	-0.584544261809075
552.22397393896	0.567684471130498	0.584239745705962
893.86891420006	0.567802537604106	-0.584059653434057
763.792088132018	0.568679733889	-0.582722242984796
267.233886224505	0.570146249960681	-0.580488754127115
387.789573178582	0.570362034715976	0.580160371171793
447.177175480307	0.570750794882052	0.579568917460033
532.746834253717	0.571806975671481	-0.577963126568139
69.0086127123896	0.573773495142307	0.574977412019231
313.239702630685	0.577848767298818	-0.568806976797385
112.998629310629	0.578648789532684	0.567598307679488
487.195810196623	0.578781757809553	-0.56739750386398
356.826120520112	0.579610750265189	-0.566146127891346
961.3832828828	0.580646321465141	0.564584217333086
223.14543700383	0.58185963035942	0.562756059607547
510.764950350546	0.581889138318083	0.562711622861224
129.055198518433	0.582151316386091	0.562316853527039
277.145442345399	0.582394911828935	0.561950146608206
475.154868103246	0.583206831875833	0.560728457021068
337.170103227251	0.583608276334851	0.560124729668364
307.159672526698	0.583784517482655	0.559859750145518
428.660944100043	0.583827525746756	-0.559795093219767
129.091579109179	0.583920307238697	0.559655617512942
311.170025525741	0.585026412273451	0.557993716700832
179.107689132613	0.587958069825893	-0.553596720052077
445.652346457411	0.591991408499588	0.54756558968742
470.832869421426	0.592802546337365	0.546355197308282
427.816771834004	0.5928800992818	0.546239515458859
784.292838430905	0.592971985595139	0.546102463131245
243.197250077544	0.59351317593411	-0.54529547227163
808.816793706441	0.594750051867887	-0.543452508463187
818.824357719541	0.596639959100391	-0.540640238844989
440.492403072468	0.597982707026345	-0.538644883079313
296.869977580853	0.599608967628387	-0.536231220097349
853.339654198317	0.600489575648385	0.534925603319646
267.144747967145	0.601039848202304	-0.534110236432067
279.161375264777	0.601680573749926	-0.533161308682338
297.154071134965	0.602439196573568	-0.532038421786302
888.859820967459	0.604768907700284	-0.52859444117415
818.323572114384	0.604879060304637	-0.528431766771914
441.254536947747	0.606742404796521	-0.525682174630231
257.176641337194	0.607170342221553	-0.525051288662407
323.131208418154	0.611767911356597	0.518287047538089
423.810861668907	0.6123745642552	-0.517396359687282
85.0287510139886	0.612418224896253	0.517332273722764
283.138435437122	0.612451458050497	0.517283494924454
255.233771677011	0.613657826271772	-0.515513689081458
269.176890414742	0.613937662256765	-0.515103396758705
352.862572703256	0.614139133758824	-0.514808057794117
599.706704992999	0.61537204028015	-0.513001751848144
274.888132021656	0.616587769280265	0.511222328282181
834.83242040176	0.616960449761042	-0.510677187647623
518.537874395263	0.617064986643003	-0.510524304258376
68.0133855938222	0.617198911683242	0.510328459466807
506.203643987599	0.618257464001989	0.508781210268265
541.87123464095	0.61889084849065	-0.507856024545472
768.799354741652	0.620277255953241	-0.50583248492316
839.335033097185	0.620382316922454	0.505679231118146
795.81082951966	0.620588903223704	0.505377917296281
546.223116168612	0.620657419379089	-0.505277994553382
892.361862150355	0.62123976850219	-0.504428920317293
505.519617068937	0.621378642804448	0.504226495706623
452.806565936101	0.621623440126655	0.503869729351493
427.146835439188	0.62180449727015	0.503605900863766
199.133962511674	0.621961836072164	0.503376663544636
152.035017132582	0.62212419742168	0.503140137620553
146.024383897527	0.622167079511042	0.503077672472427
516.21723495449	0.622431833068324	0.502692058891725
687.306905360066	0.623548708482145	0.501066191345957
768.296990634589	0.624958639001447	0.499015696273155
193.087060162844	0.626585021768554	0.496653139324826
263.166446972158	0.62704721651145	-0.495982265312771
787.815589306591	0.627670343055824	-0.495078169859191
311.133513997795	0.628056773700711	0.494517710188633
295.159313991254	0.629403164744521	-0.492566243039794
199.17049711881	0.629715883515997	0.492113268426266
233.155280209598	0.631573348393106	0.489424900291639
523.526756402886	0.634070690456954	0.485816255308926
294.825406497162	0.634311917944203	-0.485468035226077
458.500460054776	0.634313021962904	-0.485466441679621
410.743603205721	0.634804981073451	0.484756473977806
573.237620744052	0.635689733476919	-0.483480294031691
473.690320823495	0.635946645687163	0.48310987499382
881.346072581962	0.638082779592752	-0.480032659471187
467.838545868895	0.638257864285119	-0.479780652520227
73.0287163661378	0.639702679814253	-0.477702286361192
394.799784795496	0.639904950538511	0.47741149314658
559.731331284268	0.639958416885082	0.477334634681124
393.82414464107	0.640210916652266	-0.476971703476994
85.0035837269637	0.641075276458976	0.475729812714983
560.220571386359	0.641819146313375	0.474661655733173
499.196725401503	0.643235562891687	-0.472629328628262
138.019179893428	0.643277888514882	0.472568629844347
158.071268091127	0.643897347838535	0.471680478096793
579.744346121941	0.644376076118672	-0.470994367670853
821.323269882295	0.645159756669519	0.469871703992498
334.84401825453	0.645280115498991	0.469699338779501
467.834980895382	0.646028018625191	0.468628599208932
854.335793958419	0.646672580137456	-0.46770626205196
471.842690741384	0.648451205839522	0.465163296931646
376.148553986466	0.648614916620993	-0.464929392829762
96.921513098291	0.649426164166775	0.463770705509821
528.705067529018	0.649626313223373	0.463484937639963
96.9688004446238	0.649870775266845	-0.463135954752483
467.502423903441	0.652262480133358	0.459724783393498
460.162074539607	0.652396138533988	-0.45953431920105
256.192663136002	0.652556793966905	-0.459305407235888
717.286907482252	0.654236127891746	-0.45691409803155
149.060470938841	0.654244565868424	0.456902089612873
483.520269575203	0.654358091006523	-0.456740534230609
211.170603393028	0.654867705424452	0.456015466372881
201.186057574014	0.655350580801825	0.455328674788324
199.076472237328	0.656826146454212	0.453231381380248
365.201212309903	0.658281395834562	-0.451165016465494
447.835475715713	0.659121704286315	0.44997275290483
183.102638187332	0.660114900451653	-0.448564433162862
569.721522822487	0.660474040647558	0.448055414598338
775.293127114735	0.661247514510848	0.446959564839531
294.135808777009	0.661487384043342	-0.446619834942222
680.244139744341	0.661763242963105	0.446229199922153
269.213154008517	0.661940278908275	-0.445978542713382
488.845395993275	0.662306288072291	0.445460420311622
234.869373435912	0.66303384614829	-0.444430862871406
642.268956609378	0.664875593319395	-0.441826843138021
532.717226250117	0.665935233377587	0.440330062444403
664.260884988029	0.665958965444242	0.440296551923827
588.750651070355	0.667108847809326	-0.438673499736714
307.159543431849	0.667431076761343	0.438218893805382
382.792979130283	0.672486788335648	-0.431098606820846
85.028754994042	0.672890503613486	-0.430531024530246
323.170755421668	0.673193091315089	0.43010571301294
93.0338574455597	0.674618422376714	0.428103394919451
212.129506422565	0.675123874152253	-0.42739376613462
257.176479670687	0.676272195975662	0.425782421854149
464.180299971345	0.678002285987685	0.423356926620872
506.85328481834	0.67891913995853	-0.422072609615107
407.155106848599	0.68106079954012	-0.41907545247924
799.813154227552	0.682498917355976	-0.417065096756363
485.178887598644	0.682716373074637	0.416761268556507
408.152412406774	0.684794702398001	0.413859475695546
93.0450926373297	0.686952226342396	0.410850991423501
229.181435598485	0.688221737833199	0.40908259768249
749.276736234522	0.688408715976508	0.408822256474468
309.175305462905	0.688916933950307	0.40811478078669
525.709903593865	0.688936698920524	0.408087270891379
971.404517879729	0.689332369244011	0.407536625202845
812.82183934498	0.690983447856252	-0.405240258912662
445.188403353132	0.691183406820778	0.404962303595964
460.494762989516	0.691561887685887	0.404436282117078
163.039798228908	0.692484713177379	0.403154212112527
706.768479743347	0.692553150836424	-0.403059160385282
309.117857851766	0.694168607622772	0.400816596882414
431.172692548743	0.698848956083943	0.394331315394626
545.214977207558	0.699110320095569	0.393969676870511
317.180040734839	0.699303184620119	0.393702853106745
165.13942001189	0.699562069181554	-0.393344738590776
412.740677653654	0.700673171295292	0.391808356889536
527.818555356425	0.701970610459221	0.390015551072882
447.489385933531	0.702702808036235	0.389004382160751
466.816808550571	0.703934361347773	-0.387304546136524
377.133103572466	0.707939046502801	0.381785256379036
627.217784731525	0.709186278403613	-0.380068824497685
582.233741520671	0.709374847417702	-0.379809420140131
183.139024258591	0.710469456466719	0.378304157023204
700.252594459691	0.712731774688334	-0.375195968679121
236.866474716623	0.713348167065775	-0.374349774735627
791.809482926517	0.713684119435266	-0.373888692847068
800.312324176439	0.713926750595672	-0.373555743001458
521.860790204703	0.715111203694724	-0.371931008031198
135.044608920308	0.717134590901405	0.369157887440643
517.522262306611	0.717628799181965	-0.368481014709955
982.420281485274	0.717634265435985	0.368473529070384
593.225422080831	0.720447487925279	0.364623906658976
535.531909109582	0.721128259230991	-0.363693196934925
187.170340570108	0.721598246279368	0.363050853102379
149.060471344443	0.723908601206345	-0.359895524384123
436.496716708048	0.724622408179201	0.358921421386102
654.703773095254	0.726175700376677	-0.356802949554868
453.827179131966	0.726329004237881	-0.3565939566026
458.164596626407	0.726394473079181	0.356504710598044
547.876708903771	0.727318037973308	0.355246042194153
184.134240340456	0.729509533880413	0.352261765921414
98.9551366664126	0.72966474145535	-0.352050537605495
528.715023874108	0.730797737997434	-0.350509098820072
702.801160987673	0.730859244666633	-0.350425444394887
514.857762249109	0.732026205558953	0.348838766505173
284.916915458145	0.732998120088563	-0.347517995450637
738.784473911142	0.734047902109626	-0.346092127262259
715.271038854339	0.734241329388376	-0.345829485615025
296.224021060423	0.734995650011268	-0.344805486186063
530.199216851004	0.735295242115051	0.344398892418652
403.64797080917	0.736732591475185	0.342449018519465
314.234409969799	0.736998137009939	-0.342088936707517
585.743319718958	0.737420317882133	0.341516552735752
536.540690858701	0.737981669158935	-0.340755667721435
519.528779341758	0.739143859796029	-0.339181036075492
165.019120110919	0.740935542503998	-0.336755257364089
295.1593587029	0.741525869422402	0.335956467135394
412.404611766388	0.741971625250275	-0.335353450991691
705.268089892983	0.741988062375723	0.335331217403121
412.812827152262	0.743362009899224	0.33347337356223
514.20106806518	0.744933432343579	-0.331349997305957
261.150567722521	0.746761945239292	-0.328881217255275
568.722873941078	0.749686807126822	-0.324936593758377
485.655742751995	0.749765414894844	0.324830653286123
350.787506940401	0.750925470005285	-0.323267683447675
309.13897865208	0.75291672549819	-0.320586763409311
578.736608087961	0.753228148346512	0.320167701398148
385.143590525295	0.755002227403697	-0.317781568346798
838.352506664591	0.755571753764108	-0.317015963288989
470.672187535462	0.755605212787655	-0.316970990990723
478.170812710529	0.756069209734699	0.316347402297766
276.885008932859	0.756472076457664	0.315806075237019
229.144937177235	0.757490928449647	0.314437493229671
383.128898530352	0.75806991252718	0.313660045788375
782.30381051668	0.760065128655678	0.310982446611568
517.869931221722	0.762250057941871	0.308052956980482
99.0443585887987	0.763986972962955	0.305726149951939
513.52113831169	0.764635510481336	-0.304857805998619
465.839437409707	0.765760989663922	-0.303351449829297
499.850657900376	0.765899184603573	-0.303166538247047
239.060351031138	0.765973031460125	-0.303067732048227
502.202295456567	0.766400773219236	0.302495480401663
448.164750515321	0.766784823872081	0.301981770064495
426.663195290864	0.766852716799157	-0.301890964534161
507.193681722659	0.768898276453609	-0.29915629932882
508.692147064386	0.769073538383184	0.298922105937121
279.161085542372	0.7702614696248	0.297335192492129
369.229564631914	0.772193334313912	0.294756177721042
505.85068267727	0.773031220239086	0.293638257605288
524.86947426891	0.773952372849726	-0.292409690558577
409.642536399084	0.774680493120721	0.291438907259376
463.190425753032	0.77586720864165	0.289857314557
385.206775193673	0.775892517201141	-0.289823593011701
154.927922562497	0.776113523313937	0.28952913563809
220.147207183266	0.776872453678914	0.288518177614525
323.190532805687	0.777975830578276	0.287048945547544
786.308545525995	0.779314760159576	0.28526693848414
509.838403560004	0.779439431350312	-0.285101060176331
307.159601235604	0.779942554739719	0.284431725705625
211.134156398019	0.780087433154952	-0.284239010548169
929.393667027799	0.780205439928306	0.284082047930521
196.134345159867	0.780449656527414	0.283757235259266
436.838856757628	0.781277535948589	0.282656376029919
548.548856225992	0.78213360359382	-0.281518415896282
127.075894837366	0.782760656069424	0.280685128153641
466.682407703974	0.782878739252864	-0.280528230988828
225.149968356203	0.783424410226838	0.279803292838949
400.802475691117	0.783977604718138	-0.279068518678645
227.129387357655	0.784239006740002	-0.278721370098383
420.663780857092	0.784947979828012	0.277780014878962
225.572159128665	0.788277657389033	-0.273362434576305
538.873197589081	0.788354684938091	-0.273260307181396
353.201375394142	0.791390528254337	0.269237612668012
542.545248910793	0.791957122468366	0.268487351329934
482.696623353818	0.794634174232508	0.264944666593002
383.281774971584	0.795565385710575	0.263713174199655
435.816638016005	0.795951609441349	0.26320253236337
329.104332385902	0.796588157016259	-0.262361086223819
171.138858938048	0.800080191753835	0.257748486663484
232.044260716035	0.800470358609876	0.257233481777776
219.175660126582	0.800611354763341	-0.25704739022916
590.706037562913	0.801723131829294	-0.255580359196209
101.023750325476	0.801786678542047	-0.255496524625662
239.129491039033	0.803490237390472	0.253249797630516
518.860757003683	0.804484352778141	0.25193934290747
287.187362890045	0.805417779178572	0.25070930719388
489.521821469405	0.805822747910265	0.250175779339384
534.744428325768	0.806750057224511	-0.24895437604015
535.545762247206	0.806767759863932	-0.248931062891816
352.784526146733	0.807502386740438	-0.247963736748088
281.122776121347	0.808543681140794	0.246593025320099
608.747101596589	0.808957387760394	-0.246048577894075
454.803496264492	0.81312261579137	0.240571324608042
227.071855294017	0.813200895799217	-0.240468460696811
636.738755851259	0.813689283051772	-0.239826755985832
305.17743411148	0.816347554473794	-0.236335814929425
434.414806940499	0.816404964820883	0.236260455425788
471.169715094066	0.816446332042627	-0.236206155761495
354.781567172126	0.816588472176821	-0.236019584653987
562.236893254621	0.817792675410901	-0.234439314094536
587.249715924708	0.817971652385186	0.234204496586615
265.148847563719	0.81814141068911	-0.233981786636544
135.0446552474	0.819461062351449	-0.232250923711072
520.717079966214	0.819627587828853	-0.232032560540744
533.219331644255	0.820609593896437	-0.230745104561815
159.066067949668	0.822668686647544	-0.228046853428464
87.008044674769	0.822864868883275	0.227789867054066
231.175991391285	0.824266572621091	-0.225954187332377
101.060095199242	0.824338828417574	-0.225859582683694
852.34337784409	0.824939013809891	-0.225073841763357
218.167919700854	0.825994279793739	-0.22369268350072
619.255425943939	0.836392693337273	-0.210106740659329
323.130602783955	0.837044159930745	0.209256971855916
401.201453759655	0.838660274352202	0.207149614604443
523.859433132525	0.839372591574369	-0.206221088657271
346.099428253285	0.840244975195266	-0.205084168945068
707.269107929113	0.840295561751383	0.205018251501639
569.541602908639	0.840741323287545	0.204437437276494
424.912195301262	0.840980864982414	0.204125351765524
511.855212319378	0.843672280108452	-0.200620301929678
500.280265760583	0.843704934293788	0.20057779232269
776.325243481757	0.84466389246702	-0.199329580652047
612.257187899949	0.844815575059123	-0.199132175873922
216.928793351224	0.845310665053911	-0.198487906638337
241.156441981613	0.846053615282386	0.197521256835423
293.143747438224	0.850128444909556	-0.192222973327301
439.663935645185	0.850954331380186	0.191149821467061
203.107630991513	0.852060335471144	0.189713052885985
552.877755688983	0.852174474845176	-0.189564802454367
595.905943258194	0.855835203971138	-0.184812378112489
510.693400722852	0.857454726183074	-0.182711307952354
375.18533765496	0.85771506969336	-0.182373634328623
586.245730088626	0.858244601282048	0.181686883611578
506.5206569897	0.859506937540412	0.180050123820219
146.045500955687	0.859846742863009	0.179609616153686
215.201884443444	0.860059590469341	-0.179333709402469
712.271263652094	0.860288605126108	0.179036862101065
746.786688815168	0.860411487924052	0.178877589142593
471.51438306528	0.861648986589096	-0.177273889509953
377.467538394145	0.862712589267148	-0.175895932913496
292.828513679429	0.863278564894478	-0.175162824935381
550.7071300267	0.863487932182316	0.174891656982447
461.17499177712	0.864018483767888	0.174204559339206
502.853768087234	0.864684592253634	0.173342030840228
384.892460983939	0.865334569578632	-0.172500522473805
76.9693425788422	0.866677255844696	-0.170762593038984
325.170253236819	0.868062297060328	0.168970415596284
92.9273044490317	0.869039122955984	0.167706796936315
418.478051831152	0.870367719590772	-0.165988585707023
698.771071415732	0.870398537078031	0.165948737116477
94.9243616223128	0.872032724104018	0.163836049507876
468.833940220676	0.874151684768846	0.161097800289432
405.473714912305	0.874281197923148	-0.160930477459232
80.964371297745	0.877551774028552	-0.156706674911811
449.666372996994	0.880470622166351	0.152939627208404
118.94144029164	0.883366620614878	0.149204351320683
99.0080295589621	0.885323012635285	-0.14668224249633
809.315474111151	0.885349668597025	-0.146647885505939
495.178978729692	0.887279827049358	0.144160582486448
197.09735436127	0.889907300583152	0.140776205152182
247.17115925739	0.89225910301126	0.137748369028338
394.847396377466	0.892711223824722	0.137166439523321
78.9452913376451	0.893465726163815	-0.136195421575436
555.720123554523	0.8937922742555	-0.135775208131484
241.181622339438	0.896038071327294	-0.13288592554291
227.165683785256	0.898131073647809	0.13019428147775
255.197385746829	0.898311648832961	-0.129962105435862
227.129236635478	0.898408791766451	-0.129837206190864
648.785609249852	0.902737265566322	0.124274130517122
466.705383188722	0.903527625487342	0.123258785348541
453.839350902894	0.903730512793061	-0.122998165659561
653.242618807843	0.904502681460714	-0.122006354563779
89.0236738869978	0.904611641390433	0.121866411431586
706.270686003589	0.905298831974545	-0.12098387384086
135.044643262748	0.905555624666702	0.120654108736541
218.932956624798	0.907465934634629	0.118201384749615
538.682525776993	0.907642714974392	0.117974447870579
493.851699257962	0.909746556467051	-0.115274192709132
692.725730168097	0.910564928657189	0.114224064871862
164.956821127103	0.912332093238705	0.111956911170289
588.234777144282	0.913636658680781	0.110283635096817
369.211676485448	0.919059601270967	-0.103331468470924
516.848481151802	0.921173584982585	-0.100622819698931
342.875715162153	0.921311785507226	0.100445770891573
396.844100060936	0.922350215224265	0.0991155446043643
211.134156263124	0.922939846779686	-0.0983603111529159
518.706762173403	0.925208457657958	-0.0954550992869243
622.272019163688	0.926042428940243	-0.0943873222356481
519.862449538457	0.929531543915421	-0.0899212540162066
199.058652130252	0.929983028553141	-0.089343495188305
172.5451754292	0.933877583667622	0.084360982711945
579.744063362498	0.934245140309268	-0.083890865151459
146.045476888415	0.934804500443222	-0.0831754622180328
574.762939636272	0.93482158269365	0.0831536153059947
227.202068591303	0.934875693230519	-0.0830844122828905
523.873115433848	0.934916219952568	0.0830325821437849
179.10762362791	0.935364748948312	-0.0824589685599405
408.746458337252	0.936073897957117	-0.0815521128533524
493.518443122565	0.936658176345837	-0.0808049947205602
467.183866858054	0.936675360349157	-0.0807830222254345
444.823199669441	0.937620528854906	-0.0795745369048825
772.28592390629	0.940460499443823	-0.0759441093973123
540.222933066437	0.941400602796717	-0.0747425819472186
464.829532369986	0.943220339205945	0.0724171380084686
458.167798288916	0.949954669145798	0.063814851437346
407.211356958953	0.952643843028312	0.0603812029781171
604.241675138861	0.952740761945783	-0.0602574673199135
343.214198192774	0.953337907772638	-0.0594951173202778
273.171641935359	0.954168972071014	-0.0584341950606646
400.468469901035	0.954172591977561	0.0584295741050696
537.202954837275	0.955431585342551	-0.0568224986105691
366.761973517257	0.958835207822531	-0.0524786247773804
194.946671598314	0.961099269810081	0.0495897051596096
401.823368468541	0.963969483470118	0.0459279730827285
412.653786943812	0.965510499128802	0.0439622659102884
770.313544113561	0.966097527202458	0.0432135056930027
444.786468484728	0.966456079424975	0.042756181457763
113.035008214319	0.967132518482739	0.0418934265289527
113.060163840994	0.967292347217205	0.0416895800400734
823.333351271456	0.969417590788871	0.0389792041604092
792.310047298794	0.969607999022626	0.03873638702791
96.9512100546489	0.97008913731251	-0.0381228286837746
534.524175583717	0.973012065015438	0.0343957655128734
887.859264384451	0.973467135218493	-0.0338155467932655
375.63404732898	0.974946393388143	0.0319295617054949
356.163793412341	0.975690658900593	-0.0309807041652249
154.063236486248	0.976088888178941	0.0304730174395269
321.175349655895	0.976383008513647	-0.0300980604643708
502.185675949734	0.978870708312934	0.0269268109669496
356.615842886696	0.979371286462473	0.0262887240543866
463.171930135089	0.979671574776236	-0.0259059520674735
472.743797045588	0.979706206239948	-0.0258618082394468
463.832410807213	0.979855511393619	0.0256714934488904
848.337614463129	0.980217944921185	0.0252095144372113
171.102495261442	0.982242803767701	0.022628613287083
157.086718306779	0.983877900124822	-0.0205446246318805
465.844671678883	0.985455480549559	-0.0185340323586086
243.160938868795	0.987037687801652	-0.0165176235164721
309.175347989033	0.98782781908981	0.0155106856230378
634.76630354671	0.988698528540915	0.0144010788482235
841.350773221018	0.990818773620818	-0.0116991763967271
166.050724362934	0.995538326816278	-0.00568518079165981
145.050257748283	0.995976298387038	0.00512710045103356
477.837505332531	0.99607048710608	0.00500708176554123
285.208093032656	0.996077003601181	-0.00499877821375573
615.754361188093	0.998225290525119	-0.00226137034713868
135.044645339773	0.998971472596871	-0.00131056941988174
